25114	16893
18572	2149
11538	14301
2514	15443
8374	7047
18436	8339
25439	20149
15316	9237
21625	13127
3806	1313
2062	15485
16642	10043
14488	11789
24760	12843
12798	2817
4664	1341
21230	20499
23684	8843
4336	1907
5238	1307
4718	1859
18812	11829
3402	3205
4508	8977
21058	16531
20102	4507
22526	12869
4028	4865
16240	6571
23717	8787
12836	4657
1092	8727
13594	19875
21658	12439
5444	4593
21802	12373
21686	8639
23643	9883
21437	11479
18254	9807
16734	8191
21747	11851
2060	1135
21146	16697
22866	19229
21324	16941
1588	9489
12580	12981
3490	11343
6610	9561
11518	9211
14746	5921
22989	20765
19380	8555
11840	1833
4608	6745
2850	4581
8206	13793
7438	5739
15680	14447
738	613
5576	1881
16554	9497
21387	11397
8282	15269
21953	12105
2124	2519
7596	2927
19410	14117
23173	15015
7920	6861
19310	14099
18320	12479
11856	6259
4596	1257
14130	1137
818	17
21838	14659
5878	1445
192	69
19760	14181
7970	13547
7576	11175
12432	17739
21807	17715
5254	9215
5802	2347
13240	8665
19648	8077
19134	9973
13006	6713
23711	15185
9212	4195
16722	9527
18798	11175
2622	407
25490	13359
11488	3249
1668	171
9432	13233
9682	9485
21502	11613
20524	17707
8038	4895
23946	13891
23771	19831
24585	20499
16202	7829
13684	20319
2188	361
23184	14679
3216	1629
25185	10523
18344	12765
21177	13069
24223	10985
19214	17767
12530	8009
7734	4815
9712	9945
21091	16499
24079	13257
7922	11857
21643	20605
23688	11287
13474	6801
20924	11421
19608	13341
16658	9513
3300	1671
12406	7897
21295	15643
5262	3181
762	2491
3688	1599
24877	12309
23536	18973
2068	13717
22927	14943
20754	18313
10292	9545
15422	19935
16700	13967
9440	4661
7898	4877
22748	9657
22767	13311
2842	1833
18290	20875
6322	2447
1482	1735
14580	9029
6354	3891
19218	11153
7620	4293
7502	12533
23619	7333
8364	9951
25097	743
7224	12139
21902	17767
23730	13093
23078	15429
6352	743
14724	12465
5100	3569
11972	5269
20706	11443
24593	3649
20826	6457
17302	20857
24131	8639
18104	4349
22047	12147
8788	5447
6182	5291
5222	1949
8460	7411
18652	13731
8180	2685
5468	4599
22607	9619
12850	15093
9330	10967
13780	6545
21743	11851
9898	6745
16770	14687
18190	9789
21717	11895
17884	15689
15280	6377
4938	1301
17386	10873
23157	11799
11272	5529
20812	1405
4186	1903
3212	3903
18468	8787
22198	5167
1174	405
18624	17059
12510	6619
12386	9443
18612	12389
13428	4823
22334	5819
14896	16041
1194	4379
23397	18283
1178	1045
20828	7053
21946	12099
11688	14345
24556	16831
14244	743
15710	11047
11736	7553
14616	4331
21065	16573
24606	12145
19650	20341
5592	10247
14182	9873
22940	15895
6614	2213
3658	1725
14434	8605
24238	8873
1130	703
3230	3533
17010	15831
15582	7551
18140	8121
3984	4455
22266	12457
10514	8515
24724	17511
10716	6961
102	155
14348	13949
12328	6905
20796	14417
24703	18877
19636	13435
23677	8817
16636	10183
10884	1599
19320	20299
19942	16097
6394	1033
16978	2837
19314	4331
5886	767
25003	16821
11280	1557
22629	7395
16746	12427
21905	11991
19062	16701
17138	19409
17350	14809
1358	8625
11070	4005
24436	20453
6112	5071
14970	14213
7144	4637
22489	2787
3780	2831
1846	4493
19830	10491
19444	2757
3416	901
4090	3159
14748	1267
8646	4475
23752	19791
15664	9327
3074	1
13012	8181
22186	18055
22883	19163
16944	18129
10948	18167
6672	7979
13070	7389
2858	6905
22756	15871
16836	12221
23736	13531
16340	17739
16846	9563
8734	5231
5680	5645
1606	1285
6176	5513
23563	18415
25326	12901
13654	15015
8436	5223
21997	11175
23607	13571
20576	11037
19696	13341
3108	653
23293	10967
3110	4859
3804	299
5088	14137
22656	6751
11700	12081
21529	11613
23829	19733
8452	6237
9420	10451
24819	10767
3988	4565
19572	12843
24910	11175
24180	5901
7208	9437
25223	12435
4782	3285
5536	16909
17506	9659
15702	9309
24052	20105
21468	4363
14742	19297
3198	477
7258	11827
6726	5185
9328	14541
13126	20695
8046	2435
21783	19511
24401	10767
19162	13429
3012	3349
23292	15085
24300	11991
6612	1945
19400	19297
23415	6917
20114	9585
16232	6067
13760	2945
9408	9415
24189	17893
4504	3759
21413	11445
5154	6481
7614	743
22754	20727
23805	8837
12996	18593
20512	17147
18262	11625
18698	19899
1462	845
316	205
10598	8367
54	71
2328	2129
13586	10019
18662	13611
25356	19741
7074	4615
25295	16821
624	279
6628	5227
21640	17319
13416	5447
6532	9051
20380	12799
8190	4989
4904	3913
19968	7605
18658	13763
14996	5499
8372	7045
314	429
12032	14481
12820	6687
25175	7659
20680	14387
21174	19745
1904	129
7288	10297
23877	8787
14198	7745
490	317
14208	15193
7368	2717
13532	3907
25045	13249
20858	13515
21836	19859
16596	12105
13450	8471
1390	1835
22810	16893
12952	459
3936	3871
11816	11145
25349	19733
20888	10853
10140	13189
24326	12961
21087	16499
8764	8691
24530	5749
8128	9861
8194	4995
7162	6555
13940	9815
3200	1755
12808	8861
3852	321
4474	7059
19624	19363
238	107
19054	9027
20962	15605
21497	20561
24810	15673
25217	15857
9184	4865
16288	8695
23004	14165
3152	2641
5728	1405
21818	17687
5142	16237
8690	6487
5542	13115
21996	18037
14450	13257
9250	1617
18118	19279
12710	6513
11820	2757
23274	20853
4394	17711
14902	4193
20496	10785
21151	15689
2708	1101
2712	993
23988	14687
6470	3547
25046	16821
21512	3887
17376	14245
18158	11969
18620	13093
24074	15565
23104	15605
9066	13949
2894	3815
25215	10811
14232	8831
21660	17435
24957	12083
2638	3811
22298	14753
24679	14613
21701	20607
21165	11151
18148	18817
14600	9031
9834	17711
14850	8787
25275	4477
21435	11445
6258	9767
7664	7167
22763	14885
11140	14119
23115	6315
5048	4425
13028	4161
184	243
500	149
12872	8287
4276	3241
12594	7149
6298	407
5012	2465
110	35
19590	19329
19404	4781
852	281
22257	7519
4876	4073
13386	11025
21018	12843
1050	577
23945	13891
12632	12981
4374	6573
22187	12269
7510	6705
4892	15135
18298	19621
17068	11175
4708	2597
24264	16021
21499	17411
15942	16803
4480	2329
2472	4579
22643	249
9958	3019
11076	3839
8814	3977
15362	9257
25041	12307
24625	7461
15862	13897
9374	2721
25265	14653
19200	1859
15322	5255
2032	1109
9322	17019
9378	6557
11544	4285
15926	8903
22725	16793
22967	11805
17108	13233
8880	3007
15174	1947
19764	20275
13618	12803
15910	11815
4000	155
4366	3285
18656	8921
20148	14247
5778	11215
11204	5683
22713	16793
23148	10107
23225	20105
24538	15201
8312	7833
25200	11207
20926	9327
6764	3645
880	4469
5282	4251
15640	10861
15510	10597
4672	1761
3784	7213
22348	5409
15068	17493
25232	16821
5512	2905
13114	14781
6616	3127
21854	16605
4912	941
1048	739
16796	6667
22949	1859
5994	2957
3320	1567
12786	13929
19136	15339
4200	1681
1556	525
24308	16167
23068	1783
6518	2957
16222	9237
17688	13471
2270	1727
14976	10715
3122	2395
12780	14713
17188	13263
21447	839
25475	20955
10900	12377
18954	17797
13326	19195
18210	7541
15526	3943
12288	20563
2304	7329
412	1111
24598	13265
6126	3453
18980	18167
24015	5215
23880	19717
17510	11815
17820	10447
12942	11741
920	8945
6750	5447
6184	13903
21984	12027
15048	8487
19464	9057
7718	4805
4944	1199
21003	16621
1526	4303
2112	1035
5432	969
19922	10715
24775	12019
24367	6377
21787	19695
1884	3675
36	9
19448	5791
6130	3919
23667	7333
2302	3653
7890	12337
11150	6245
24782	11991
4254	1
4106	5427
3816	10501
10530	7201
10972	8251
14808	13435
23180	8395
23276	11969
13310	2531
7092	12417
17582	8805
24068	10463
20086	11719
21636	3395
22534	16467
11246	7047
6954	7551
10828	6085
740	4847
12766	3379
18808	15241
15854	14121
2342	5971
25124	10143
2748	3815
17210	16311
17200	8601
25028	12827
12090	11815
24203	5049
10840	5009
134	43
11914	13873
10896	2617
398	109
6330	6991
23507	15673
23023	20805
23989	15257
6940	3255
8202	1927
6692	2575
24607	11175
15722	16625
22225	6043
10132	3391
9082	7513
23676	5347
14832	7413
20702	12387
9148	8003
9000	10197
9046	4559
21144	11133
16140	17329
9108	5287
5566	19357
24438	20455
22412	5183
13078	8555
21917	12105
12600	8117
20468	10881
11312	5299
2016	953
5076	4441
10306	13879
25259	15857
1350	981
6746	8819
18270	9809
24340	8633
15634	11039
24541	8555
20776	3751
6154	2355
9546	10621
1800	1251
8656	3399
4754	1255
24872	18375
9762	14705
10074	6721
672	1311
22734	19401
21283	17387
22521	10851
3650	5683
14540	15339
23216	12991
23737	19533
21990	3871
2318	777
2786	469
21090	16499
530	493
6936	9315
2536	1703
1170	6177
2382	13877
10522	5643
18372	1825
11314	4191
21820	14653
17668	13751
7796	6089
8562	11969
3066	3231
14768	12379
4438	13173
22513	2821
4308	3247
23290	4203
21017	11075
11032	5039
4184	5511
16148	3671
25110	20189
2644	957
3154	2827
13902	8233
23175	5071
3332	1301
15738	18301
10864	6167
11754	5791
22443	6093
18816	13891
468	831
4788	4885
6160	9767
18654	19933
4640	1339
19866	10651
3494	1691
4080	1955
3388	3741
994	6103
8314	9007
11472	6339
4166	2953
7302	2741
9690	3887
23482	18853
4040	777
24787	18395
9884	7933
4924	2443
20132	9201
6804	2593
21006	11075
4626	3365
14642	8253
6100	10143
4330	7723
9276	4621
18028	12281
14552	9983
24995	15865
25172	13613
14414	9925
10340	17607
7654	773
12382	7081
18718	6205
2896	3255
21734	16609
8346	16037
24352	17493
4762	5401
23889	6107
5748	5713
19878	10673
5936	10523
24192	9969
17170	13379
17726	14937
22189	11063
19306	10827
12086	13827
832	14267
15748	11083
6540	17075
18132	7541
11656	8997
25026	5163
23981	13909
23955	15239
3504	1693
24999	8275
15456	1831
5486	605
2350	2521
21735	17543
7902	4881
8662	10887
6696	3715
19528	20327
11322	9099
6108	3655
12194	11437
16948	11215
3910	1759
1120	2875
4494	1953
18154	9791
19246	18777
11498	7733
13906	8283
8154	4965
11554	3839
5732	12035
23385	15581
11038	15291
23842	19935
16464	4573
22066	18131
5982	4803
2070	685
12616	5689
24472	13235
18828	12617
12084	9373
4122	2009
2880	1463
25074	1021
23492	10841
3400	4567
5338	1901
10712	6963
22799	13133
12000	10517
5392	2061
6472	2475
12554	20151
22260	12299
22215	18129
15194	4175
25022	13409
21547	17267
17544	12889
9660	3901
23609	10845
4444	2925
8092	3031
15700	16531
22077	12201
17160	16757
23279	11633
5172	3141
12306	11583
14602	18725
23321	19007
13920	7965
15592	8295
7106	3059
2740	2459
1124	2081
1874	379
18312	18147
4500	2343
13062	5683
14428	10113
20228	8997
6718	5903
17556	19035
9770	4737
15972	20531
18672	19719
11174	11409
8330	3231
5870	2131
3726	1839
3120	12573
24941	13903
21383	17013
5924	3381
14904	10761
8828	7715
18294	4251
3396	4235
23673	13571
16486	7169
24325	11353
14672	2121
15490	16349
16204	14581
16780	10297
5394	3825
20474	10773
23162	10089
24359	11619
8072	2857
1322	553
18634	4569
24861	17285
11902	4193
16044	14539
24965	17239
1368	11873
4522	3023
22729	10057
504	787
13172	12785
23264	18405
22829	19163
22582	7543
4036	12083
8	19
19298	15687
16962	7519
22786	19213
24655	17361
23239	18959
22419	18737
14978	13359
25171	5683
17290	3373
22835	19093
14264	9027
21944	17715
24076	18167
11612	1151
1764	1279
24281	19423
22277	12291
17182	2787
21834	10095
23019	7349
23624	19597
5174	3143
10754	14341
17788	1859
15448	4103
9076	9767
15970	11495
1144	7287
23262	18911
17680	11735
460	1323
248	387
23475	5775
9668	13037
12598	5163
3062	2997
352	235
15312	5675
21379	11375
15160	4345
22826	10773
22617	14953
17504	11637
9230	4615
24054	12955
23392	15111
24998	14853
22873	14921
24153	20275
24790	20985
22925	14925
2	1
22750	6781
23767	19827
22226	18131
792	27
18748	9903
16302	8907
1960	747
21768	5749
12822	12249
2262	805
18116	18829
13446	5375
24156	20279
16560	13093
19502	4993
7212	9439
3082	2087
9906	12427
14982	9127
10838	1071
21002	11153
21992	14671
4722	8977
1292	6559
2600	1161
5354	7587
24661	20499
14106	7333
24383	17739
24467	6457
15006	5749
6378	3627
23416	7061
18016	4631
10986	5703
6062	11611
1146	409
22744	13093
24740	16145
3818	1749
434	1067
11444	8939
23526	12679
21961	17715
5114	7757
14470	11611
4014	2611
19198	15531
3210	1077
11328	8555
23411	11617
7834	3439
6362	4663
24637	17253
3808	6079
18424	4131
1888	1293
18226	5263
2930	1941
21232	17659
22207	18097
1422	785
9224	3073
11336	14195
2050	4857
12262	6553
12886	7361
1040	2965
21199	9025
5078	1803
23484	15713
23269	12573
21274	1279
20014	11495
2312	3229
16260	13179
23071	3465
10618	447
21570	17233
1254	1027
20992	10239
25195	18849
25380	11503
8682	12467
21132	11799
22477	11359
24484	16681
15136	9187
18082	9757
7090	6033
4618	1329
21620	2711
23912	7629
10398	3529
7482	17949
4380	3917
22783	19231
15914	7607
5522	7697
19906	10673
3250	1649
14242	8839
482	105
17662	15807
340	163
14782	19527
17260	8391
14382	8257
21055	16531
24354	15571
20810	16671
10974	1371
21350	11343
700	249
9918	16747
11872	3547
24184	11335
24649	17769
8752	5903
23757	18343
24333	12977
170	199
17554	12293
13934	5441
20856	16671
780	557
4124	1301
8812	2781
3436	3227
3728	917
17924	6091
2152	2323
22944	14951
19586	19527
23701	19769
2800	9231
24088	13257
15028	7471
23035	10437
8932	16133
12452	12695
21927	14653
5322	4403
1136	745
9864	543
6588	13795
8688	5249
18362	13933
11616	17493
20370	7683
3058	7101
13356	13365
9768	3327
17482	15805
16586	16483
15332	10759
4370	1943
21656	13827
12280	2895
10706	13295
22574	17407
10690	4959
7600	3369
19532	6105
3886	9901
6730	1301
13848	5221
15990	4563
4300	6497
23212	11495
22337	15747
17704	5397
4908	10477
9336	3861
12684	14045
20386	9139
22156	18037
21334	8387
11860	3395
25459	16679
16318	6579
15366	11217
18192	11175
24149	3535
21843	12105
11324	4111
8358	11659
18068	11207
23312	15091
24591	12183
13670	4685
4140	1483
2376	2847
2444	7433
22575	3233
2794	2781
21672	17435
7828	3435
4936	8251
12578	4325
23589	11495
42	17
9724	3257
21313	11495
4092	8517
12484	2065
25464	15673
18242	15093
14754	7617
19154	15681
20264	18729
24773	20151
5504	18689
14542	3369
22985	8441
23579	18457
15148	11619
21840	12095
13000	13949
24435	16397
21664	11747
16624	18929
1738	1233
5848	9595
17712	8523
6572	14153
13258	9651
2744	5039
14986	12127
9288	3259
18660	6093
8872	8305
19568	12379
24187	7047
11310	17137
3378	1671
21535	14583
19372	14109
12116	8505
194	789
24953	12993
11784	5561
20760	16679
22890	4349
9848	14749
1316	3943
498	825
16742	12149
8770	6377
21130	20483
7276	11869
9776	3939
19516	8727
10468	13137
23376	20985
8544	2991
1982	5359
6598	4465
15134	9201
20334	14317
15814	12417
24141	5409
4590	2217
23789	14717
14562	13257
2854	855
6368	1477
22002	17907
3270	1641
13008	8107
23982	18725
23548	18405
23710	19621
19018	14033
18440	9859
18272	12975
7416	2791
4714	3417
9310	7699
23826	19719
22390	12889
19296	15415
21135	16729
21517	11561
15100	4563
5014	2467
24077	10195
12884	13949
20448	20411
21848	13731
18244	5413
17942	7107
19042	12843
6010	8893
19792	10581
7858	17527
1102	585
21532	7843
9550	5161
3938	1019
24727	8135
7066	4605
22085	20657
14392	8587
16528	8883
14152	6105
17174	13525
5978	2571
18598	19521
14536	15349
4146	4533
24537	20503
14828	19403
3744	11207
16216	18825
9596	7997
5278	6383
14574	13043
14180	6963
18000	9735
6876	2253
2816	2245
22861	19115
2528	3917
22576	20697
24781	14653
22533	12167
1400	383
16286	17349
10230	4829
22737	15811
22028	8099
21765	17803
23346	20857
17042	8315
8442	14501
5934	11969
19820	14189
23248	10523
6992	16475
12142	5531
25081	15885
22961	7295
5126	2401
21258	14505
23107	15477
7954	4909
21616	18589
10344	17685
3428	6467
12160	6545
10626	4943
22820	9627
11426	8395
22019	19731
24915	4107
11158	2111
4808	2389
3362	5563
20944	16585
10556	15329
8718	1557
15040	5657
6216	8921
24674	11701
1660	529
22253	12299
2862	7557
23308	7835
25447	10463
3072	1337
14126	12161
9632	9501
4686	1883
25138	20823
1100	6379
24884	7353
6046	9925
23259	7541
22196	10043
8174	12161
12652	6011
4114	2237
6736	2233
10376	6851
1830	973
14370	10467
4060	1935
21916	11675
2966	1705
23554	18579
1466	2729
10232	5487
10882	6173
12296	17711
18030	13417
21000	18481
16812	17845
23357	12349
2122	3961
16494	4023
17944	7333
7974	13019
14398	7031
25317	10479
348	519
25131	11175
25157	3749
20674	17823
18176	13095
6350	4971
12352	13603
6652	3683
24565	15673
10804	3529
15964	10841
6358	7011
23872	19933
12270	13049
18730	9891
4940	743
4038	3781
4194	2365
24918	10621
15620	12827
24139	14089
18106	1259
12704	12573
8714	3299
24235	9997
20438	617
1182	4311
12760	6675
15086	6377
22240	20645
16086	9401
10050	20709
23934	12865
22233	8739
9520	8451
23992	20979
21762	11861
23903	10855
830	331
8384	1879
20664	9993
21264	16729
13628	633
10256	7313
9190	5719
8182	6989
23122	13185
4054	2985
21744	17803
15042	9147
8026	4097
13492	10081
18946	9935
20510	9249
23271	9777
5096	1649
8166	6971
2074	4245
4204	3231
1364	1605
15754	16531
1640	603
19498	16367
12082	13975
6978	1517
23398	15775
4468	3323
21296	13409
15076	6445
4268	10355
7096	9767
8354	5683
18032	7781
10546	2017
15546	9283
22184	14729
14464	5793
23547	18457
23726	19551
19620	19403
8398	2477
25274	1783
19250	18777
22887	1859
23476	6933
3134	2401
11138	16021
19758	13093
10794	91
22920	1859
18366	14427
14076	13877
23836	13633
18020	3407
22908	5683
18740	15221
21483	17163
19470	6267
24067	5919
1154	1047
25128	15447
18084	1859
22314	18153
4922	3027
16902	51
22620	15745
17716	8701
24469	18639
10764	7241
14024	1815
24222	15353
22960	15901
18324	9831
16608	7545
3392	1243
23614	18741
13468	6797
24120	13891
8328	2535
22436	8121
21891	12339
21505	17269
15876	14491
22023	14679
5814	2617
5040	741
18232	3681
16668	3657
21670	11651
3828	9855
1726	1005
20170	11739
23824	13633
16772	8527
16352	11571
21583	17337
4572	2923
18578	3511
22195	18079
22072	18057
24000	10463
23613	8787
4488	1053
14890	15415
6002	10909
18490	13579
15836	17405
22604	19943
8578	6283
16234	11559
12946	8601
18890	8011
18526	10233
14006	18461
3850	3867
21128	11069
4178	4565
19212	10785
12638	12021
16348	11529
24653	17317
21710	11875
25221	20871
23977	15251
16390	10191
21038	7299
9592	8061
9022	3731
12428	3301
23679	19819
16164	13049
11490	4077
21289	12543
22952	16893
8450	2183
16728	4739
5726	2867
15290	4529
21695	9985
21682	12105
22185	18079
11148	10601
20020	7395
19486	12841
9244	14005
22743	3387
868	2023
24991	15751
22590	18613
21510	7825
25219	11495
19236	12791
618	299
10784	15209
22219	10545
3790	3481
8626	9111
8554	14167
14570	10123
17890	9705
19450	3657
21826	17679
9110	1853
7022	2657
17592	1917
11410	4971
24827	11215
24913	8547
25179	15875
8612	15421
2684	1
384	265
20066	9201
22123	18037
12178	9309
8082	2869
25149	19715
22022	12497
21084	16531
532	6061
22824	11717
24247	2757
12540	3959
23170	10073
21921	12105
10534	13903
15762	16573
7972	9179
18848	12467
24859	15681
13014	10851
17996	9735
24089	12419
23543	10643
9418	1693
1882	725
14590	13041
4180	3835
4990	6187
22242	20105
14972	4349
23323	5131
25416	10845
13328	10967
11056	13233
20082	20389
14432	13879
18202	5751
11454	5451
2872	2273
9428	3911
24608	14555
2540	7243
10962	4409
3042	4047
20094	7733
22946	15903
19908	20365
23546	8319
19662	19389
13698	8653
822	1095
20304	5783
23895	17137
6044	4845
4974	1387
12186	9391
14758	5529
9612	3719
22554	16089
5306	2617
14528	7727
14736	11969
674	413
23923	15229
9730	6653
24471	11175
11990	5035
18804	5205
3636	869
7080	6517
11242	6055
10172	13979
1140	2323
2284	167
18280	18455
1538	1323
25302	11715
6290	14199
24667	15421
18606	19819
7390	9465
22228	18129
22290	18161
22484	19939
23289	8633
7558	5163
13366	14897
8624	4471
21126	16803
4690	8637
20532	10767
19186	20291
13102	6939
21349	20537
3260	2897
25283	15857
2868	2631
18686	13641
22900	10365
11390	7297
8620	6115
24519	19103
13036	8861
4962	6165
11172	20311
4248	2639
8774	3889
18734	1961
11826	10979
4350	2075
24452	14427
3514	3297
21758	17579
3952	2977
7254	3317
14690	2757
14408	11553
19566	14159
138	121
1016	379
22366	6013
22035	8075
19766	10539
4008	2203
23697	19621
3324	1037
8232	5563
8148	16375
14326	5215
8256	9913
22037	19603
628	329
856	263
4152	14213
18814	15243
19138	5681
62	7
3580	2955
9828	4345
7804	11933
21186	6515
17422	14857
16384	5529
16840	2711
22535	8445
4946	2365
21693	7467
24146	3529
22690	8275
12562	8037
23957	19995
24006	14033
16788	10887
22584	8605
15574	20465
22963	15933
17190	1859
9714	12015
18448	12685
19542	13515
16980	7073
24224	12709
4956	3517
2818	3181
80	131
13924	7319
15498	5303
24514	9255
8124	5523
730	1335
24258	1639
3792	12869
13734	12715
1282	6011
22161	18037
570	399
16062	11027
25352	19729
24522	20491
21994	18131
14700	4451
21639	17457
6716	3603
5714	15689
9584	2099
10576	4817
6260	2441
4758	743
14870	14185
23059	4339
9058	12449
610	91
2434	3165
19714	16263
15556	17823
1412	6601
8380	4079
5488	605
16312	8413
21759	12841
24533	16821
22293	17973
7312	9043
12602	12009
22491	14769
21941	12063
12124	14517
18824	15245
19870	16195
9804	5931
25076	19111
24660	17333
13320	5163
4884	1913
1610	1341
10300	6821
11278	9091
7882	2503
1122	11241
19226	2217
3820	2903
3128	8945
9426	9423
24573	17843
24701	12027
21554	19327
24480	16609
7586	4225
5124	3123
16036	16989
13794	6887
16402	9483
18452	18579
25391	10603
18610	12389
12682	8177
5298	7687
19652	12787
11186	9063
23681	20913
4116	3165
22249	14741
11396	1475
20206	19059
21056	16531
7760	2035
24844	3331
15252	1667
5970	14045
8142	1137
25324	15215
22166	12261
12008	14213
19794	20353
16792	9539
2446	5349
24273	20333
19576	18663
23003	11321
20092	8525
23118	12743
720	231
14058	6935
20490	7395
366	135
21393	18299
12924	7349
16076	12425
8536	3113
5560	1907
23027	11623
14668	19325
1336	707
16032	6479
24955	11857
25345	19733
4228	7059
7714	13359
10014	4767
7976	265
4916	15195
22693	18075
7054	7301
28	1
4716	4825
2236	10291
638	575
6462	7057
13138	9619
13296	8861
19956	19489
6608	3121
4696	4807
20008	8847
22508	12357
23439	15581
3386	699
15376	12809
3288	3115
23138	7615
19558	20279
6152	15033
24385	11711
21326	11509
10572	4933
21374	16315
8318	6119
5460	3809
11110	9043
18568	6971
24516	13267
12130	19195
9172	19045
22058	12165
24862	9583
22555	8607
19048	8193
18394	18523
17008	8959
21938	13093
25009	20191
21971	11991
12378	10595
8000	15083
19096	15323
21644	13941
1818	1009
24648	19979
24425	16753
5764	1519
25090	17937
24193	15341
1530	6195
24950	20695
22975	16927
25059	20753
5448	3005
14360	3561
11592	9213
20478	10785
24023	3231
7458	7885
25023	16051
8236	7015
18994	13653
3358	12471
7414	8113
21308	13659
13466	11815
14926	6067
17710	16793
5600	4657
24916	18517
1284	8791
5784	2161
9738	7677
22507	12947
19900	20365
20472	16233
21824	8535
11982	16613
20920	2571
21867	17767
3422	2035
5316	13603
4610	2365
2298	711
18260	11485
19004	8593
8958	3179
24614	20187
15954	5821
24288	4113
24527	2035
5766	9521
12570	20151
5106	1783
24063	12397
11506	3907
24049	17797
21907	19997
25282	15723
16456	10095
23570	11203
5954	3395
21784	14643
18492	13571
2422	5503
1516	6969
6072	2519
9430	1697
11362	5981
14	21
19734	10269
16042	14213
20732	10841
230	133
10336	5523
24860	20669
20	25
4304	5119
2672	4387
11954	5649
23567	10967
6042	4627
12842	5167
19300	13103
9924	11777
3662	4851
1082	407
8720	1147
21920	17571
9304	7781
9676	7947
25106	7349
15494	8395
18458	16025
242	77
1780	2785
8234	3515
10402	6273
20804	12079
8348	3277
24564	11525
18570	6971
23350	20899
2946	359
2588	5155
4796	8355
14280	20347
12070	7899
16874	5831
24314	13345
20670	14321
24826	12249
21895	2651
18286	7853
5864	2351
8792	5907
8244	1957
19818	7783
17936	12841
22365	12615
21742	11851
12864	7519
10464	15985
1942	819
23124	15515
11868	8917
13708	10061
13752	6875
15114	9175
24382	14357
1266	8727
5754	3325
14228	8861
23234	20845
19338	12309
22360	8337
18276	12383
18360	12287
2890	1093
3456	277
17768	8099
22501	10431
17476	20731
16454	5749
21725	17531
25348	13609
1654	539
23779	19845
19580	15689
21898	17803
19612	13515
20354	14323
23092	7317
1792	953
17750	11175
21983	14669
300	2613
11240	13685
9402	9431
22495	10967
9896	11145
20484	16243
17248	10039
12574	14661
1566	2295
3882	1269
22129	18037
23034	15963
22811	653
15572	14439
14146	4957
6488	5081
21852	12981
16602	9505
16738	2801
15380	11699
1634	9793
7846	5397
11014	6857
16626	15815
18830	15249
1868	4381
25037	11175
25498	743
15262	5563
2806	9201
21976	14653
128	89
10844	7019
13658	10253
16460	14087
1010	337
15628	16479
2614	3371
17244	18607
24592	15967
13680	10325
21772	20615
23501	8359
17856	10695
10910	2455
19344	9037
6056	20801
2276	1977
10710	6963
8212	3511
24161	20283
18932	13963
1104	14353
5028	1771
4720	1621
7014	10961
1746	8213
22486	2111
22809	20757
18696	20943
5702	7967
8394	4077
24462	10841
17094	10441
21077	16531
14930	17433
17784	15933
1952	8945
22660	11637
20498	10785
480	327
14826	1783
25340	16461
23638	8075
18600	9881
4502	1557
18772	4153
22192	14737
20194	6043
18746	12177
4730	4815
23013	11193
15752	16573
21733	17511
22255	16715
9932	1859
23488	13093
21300	11495
21057	16531
18160	18941
18842	8053
16718	14697
256	167
24972	9647
1750	4623
18230	10293
23120	15015
21303	7933
23126	8175
20640	7767
13500	3635
2608	877
10732	3499
19146	9981
5960	1393
7164	5639
3908	1373
22704	6765
14918	743
14716	9065
9454	8767
23950	20013
11670	14331
21930	12045
24976	10193
23096	10393
24336	5903
14718	18615
12098	9377
21491	15629
12132	17147
24846	8783
25004	1021
17428	8275
11984	11123
18806	15237
118	49
10456	16063
18434	17127
15418	7299
12434	3395
12336	7447
9686	1327
11348	12519
21428	10463
22523	16841
6256	4077
12292	14567
20890	9319
24769	12981
16266	13949
5116	7143
24020	20105
22603	12659
24574	17035
882	341
16610	10431
5086	3099
24126	15295
2808	2783
12672	6637
60	29
7646	15843
8608	16027
23552	6937
17808	8133
3750	1355
12584	7297
13082	2027
4022	13359
14246	8453
20168	14283
23582	20901
2860	1089
2080	407
11644	5957
22268	12457
5902	10833
4078	6335
21642	20603
7274	8907
23534	15117
19632	20337
23479	1667
22355	1783
14282	11873
10512	9787
200	169
23161	20567
18908	15275
3614	1467
21904	17767
24893	15381
21193	7609
18418	12171
8482	2757
8546	9087
1404	5225
22929	14945
20582	14373
542	1175
21302	17079
6760	3169
6928	5271
1256	675
11962	11373
13484	14953
7722	887
5882	6021
15516	7875
25083	9147
9998	12491
25375	20183
23995	13911
68	67
9600	5165
14480	11327
22258	18461
23132	4493
4236	13395
19712	8749
24213	18777
3438	3231
7266	4691
21861	12029
324	175
23904	20953
14004	15679
16350	16207
25216	15673
23953	13879
3782	1631
19248	10251
3774	1503
17310	14341
778	4279
14490	10195
4208	14423
21106	16573
1394	439
10164	6205
9594	4695
3496	1597
24329	10765
22996	10447
22043	6673
22913	17733
8894	3645
11862	16669
4816	2427
22632	249
12588	12981
22865	18293
14226	6977
20970	16531
13092	9027
16018	8965
21750	11851
10318	9691
20358	9105
17586	7411
4712	8217
17218	13499
5000	3863
14400	8991
8084	3683
9634	13241
9568	4685
17030	11155
15676	5335
10570	10611
21338	13115
17992	20827
18474	19569
6684	12471
11380	6315
11230	20329
13144	6737
1234	2323
23199	18833
23583	12621
24932	8601
14886	7369
3954	3083
21020	11075
1772	5627
6226	6113
24577	11495
10038	9625
20884	19755
14016	4121
23074	11417
12108	13975
6510	1237
24349	15725
24635	3907
18080	2589
24889	11495
1938	979
21521	19063
22141	9563
18072	18965
9240	6513
9134	12827
8350	8891
4316	2025
5146	3135
20762	9931
24123	20973
24125	4495
23612	19731
15930	6521
23696	19621
8058	1481
4344	2299
6050	2393
14508	4079
15152	12237
18446	12679
18564	9871
19936	16155
11950	9333
8288	6193
21922	12105
9192	6083
104	59
15350	11799
7160	3873
15988	7193
15560	9309
21657	7361
7504	865
14476	15297
13580	4799
13874	20855
16720	8097
21321	6527
10438	5921
6822	6385
10654	7333
1656	6963
18710	9887
22625	10087
21761	5849
24768	11991
11048	10083
12508	5711
25369	19917
4056	4485
23354	18333
13672	20827
23341	16821
24798	10937
16710	12015
21432	11877
17498	18535
21197	839
19762	10557
24898	16871
3960	3961
22784	20275
23694	2149
16958	9049
7788	4965
12422	6585
22173	18055
8850	6357
3032	951
19918	14207
4980	2173
21608	17377
7436	1713
15934	20525
24	75
9532	7969
742	2083
6094	9201
16592	10431
21223	4321
14114	8793
14644	5989
886	441
4016	2207
21850	12075
24356	10279
8134	3621
6892	1243
21076	16531
17358	15799
17114	8241
15522	10197
23774	10701
6244	8287
15848	11175
12478	17543
22884	7813
5196	15781
6782	8455
21369	20545
7234	5683
5324	13343
6774	8455
8476	14121
25203	515
22417	17373
8272	8983
25141	12617
25102	20799
23063	14085
22093	12165
4012	4463
25174	12975
24934	13827
268	367
13572	7345
14454	11253
5004	1619
9826	5595
1940	1447
7152	1885
7672	3949
11194	5217
15538	17021
11934	3775
5318	1669
18014	10925
2722	73
7534	11175
15364	6011
18666	743
22036	8781
6546	4453
15214	16961
4584	2787
17194	15401
3992	6267
17298	4167
22583	1805
21153	12145
22644	249
20454	7241
10338	10691
18152	9801
24384	9205
14296	7225
15654	13873
22530	19943
8902	11007
5374	13193
7618	6745
22140	8443
19524	14045
21576	12007
17284	9611
22245	11495
2974	2781
3558	1021
6704	5045
6118	1239
20368	5563
5704	3355
16830	6683
20208	11971
23121	12745
24923	20169
22749	16793
13440	5949
24103	20181
17250	13107
16588	8965
25152	10107
13176	6487
8172	6977
11354	9117
11662	3749
24754	20631
6458	11895
18376	19535
826	9059
25057	10967
1642	9019
6082	17739
6024	1301
17686	18137
6906	7499
76	97
10296	14973
3564	5837
21293	11297
21415	3641
1672	1175
25165	17211
18756	6053
15558	19845
22593	12709
24618	9423
24289	4113
19560	14155
21674	17457
2882	1091
10788	8835
24639	17257
3222	2141
13956	8433
3026	475
23968	11107
1150	625
3102	6793
3312	1415
14712	13727
25115	15981
1442	9465
25035	16301
25414	13911
23247	10523
16458	20263
3022	991
22438	12869
13560	6089
20704	14439
3830	1289
21205	20493
9484	4669
2044	6809
6826	5185
4322	3249
890	465
24069	2711
17950	10123
14188	1901
10168	5397
7712	2597
7726	1199
9102	9327
13856	13291
6466	2473
14008	18461
20426	8455
25178	11207
8954	6153
17028	11155
15760	16531
9816	8431
19768	20275
20954	10495
4396	7957
11664	5563
582	583
23600	13571
8526	2687
21681	17767
23961	7757
1286	2143
14502	5127
15382	13879
21955	12901
24979	6743
21714	11795
17976	5807
21052	71
23457	15621
2088	857
19894	16155
16490	229
18906	20083
1504	471
10328	8357
22172	4745
3086	2715
13622	14999
22602	7781
22720	15469
1312	1141
8848	7759
21932	16625
17282	14501
24848	11495
19530	19527
12860	11495
18336	15119
16620	12981
17684	18639
21548	11603
21042	11087
21389	11509
9494	9453
21385	4041
15150	5903
17240	1995
13614	4479
21973	17837
23986	2641
16520	15573
1804	559
23857	19921
5916	17047
24920	13239
16382	19195
21280	20523
12874	5787
15336	10769
23336	12193
15830	6483
9750	14695
16960	18161
6528	4433
13538	5265
24540	20031
2338	2437
22214	18129
572	1365
7122	4627
11438	12471
270	99
23150	20105
24465	13755
4826	4917
20868	14431
15872	16705
764	2729
24945	8085
14702	20311
13010	8965
4506	381
19994	19219
8640	8965
9644	3959
23631	4961
6000	10701
19614	13341
23556	18579
3350	3165
25006	13317
22627	15887
22081	14697
18134	13029
3148	8121
9986	4233
24977	2161
16424	9477
22297	18361
11590	8919
3136	1779
16842	10747
16764	9533
14662	6243
18726	17333
18378	8485
24624	16747
13852	13903
5284	4527
23379	17949
6816	4193
25407	19811
8028	1557
10352	4179
22553	8965
17262	12993
18356	10247
24747	20629
15906	6511
17304	11367
11920	3585
12252	15539
5140	8815
24984	17047
1902	899
9610	4697
3186	4955
21008	16621
23699	20921
17238	6091
21669	12045
20416	14329
22190	12015
8600	6293
11900	6461
9010	9269
11908	6087
17654	3853
15658	7541
23075	19109
6058	3229
25422	8979
20400	14335
22218	6043
24293	10433
6674	6325
444	361
3010	4747
5162	6011
1260	621
22108	12643
10370	4875
16052	20553
6140	4901
1392	167
2558	4825
10944	15285
22854	14919
12596	20567
10502	3465
17104	10723
19398	3583
24047	2601
15188	19781
13402	12581
22392	8555
23698	6397
23305	5363
5626	11857
14254	13633
4874	407
19098	8477
8934	8717
22968	10463
4422	2059
13426	11329
22133	6055
18944	9933
20350	6379
20352	17493
9018	9279
24676	16421
15410	17993
14878	19377
14116	4961
11622	6369
7188	6565
11584	5437
16614	12105
2616	3385
17954	5083
25328	8921
18844	8979
3382	7059
18498	10479
13346	13133
15644	3585
23705	16821
16786	18117
15032	14569
10818	1961
14028	15127
3418	3585
16034	11025
168	73
8724	11679
13756	9759
23098	11455
22113	13373
21116	10005
3156	5683
25038	15851
5862	2745
19144	11591
11876	14423
11378	14215
8052	13191
7488	5753
20436	14351
5892	1723
2018	1059
12666	18931
7468	20935
23207	20843
5208	2993
22894	13163
12346	10893
24042	15279
13050	5953
21145	16725
20564	8419
16206	9421
18054	743
22832	20761
8636	17137
10422	5089
15944	13539
24232	13035
3370	2693
20850	743
7280	4513
21530	11613
14148	8181
6776	2417
25100	19691
9756	14703
2990	14705
2580	10387
18052	5481
24604	10731
23185	15549
11732	3657
7756	5285
24716	4689
16688	14673
10744	10247
10638	4127
3434	3581
21613	13119
14792	8587
8650	4479
5584	4643
13568	4861
14966	12417
22762	7257
5194	3149
6858	9259
5782	6685
7232	10567
19064	7039
16448	19997
23523	18283
258	289
17230	11507
16568	14657
6318	4977
588	341
15110	7691
4312	4613
23700	12341
25018	6751
16942	18129
18704	20913
9292	3605
10750	6985
14068	6941
4760	1757
20932	19831
23636	15155
2914	2569
15698	13295
9422	6565
16268	20587
7900	801
11068	7979
6714	2705
3914	2923
12476	839
1362	12889
11608	5903
10348	4063
21531	7841
24355	19781
23022	10447
17078	8489
22954	3661
25269	13863
18520	6957
13662	11175
2830	1031
15356	4543
17830	14971
11296	10023
17466	16981
96	275
17220	1783
8846	3739
15788	10191
2516	18799
25160	10607
5404	13871
902	6011
19420	19259
3578	3331
772	535
7052	3041
19986	4817
23332	20853
5908	8003
18120	9771
22999	8657
10412	2411
18860	8971
25099	17119
3124	1349
18266	8243
1494	5759
10190	2443
5524	9375
23224	15037
1332	997
10942	15285
10086	4799
12332	10197
10484	15057
2552	4713
18548	19997
748	251
14860	10571
21969	12025
21885	20151
24643	17247
15098	5423
18802	8769
22760	16715
2746	5849
16446	11857
15472	8253
25315	8817
17416	5567
23498	16821
24927	10193
22903	19217
16732	12165
22721	11095
1192	1491
1416	567
8502	9049
21142	14465
24928	15805
5724	5533
10408	1825
9332	1907
24185	20567
7774	9667
5430	9335
516	3279
11560	6353
12892	9933
15414	7299
16676	12105
22531	11939
3704	839
8470	935
25346	19721
13592	7077
13584	11469
6558	2995
5904	6723
12840	10585
15396	9265
10746	4975
916	459
20836	14697
5320	9251
15204	7471
21957	5683
14194	7745
3796	3483
23407	9059
3832	2355
15288	13369
12654	3859
16324	1451
21355	11343
10564	6917
3962	1553
24508	10961
7938	5921
2412	159
22284	7361
18528	19637
6166	1741
9704	9521
2142	2729
3866	3507
23887	11459
4620	1595
12446	7935
24576	17001
22358	18051
3894	1371
25484	16875
8104	6937
21933	12051
3030	633
19416	16077
16714	6647
2048	777
7338	5633
7104	3031
8984	2601
5310	3821
23770	19831
4188	1903
2092	4953
5570	3277
23518	18405
2546	2511
21012	10193
23158	13373
24997	8057
13640	10073
16198	9327
19406	20307
5326	2249
22514	8107
21368	20543
3768	12843
23787	15201
3316	1413
13878	8217
11084	13103
22112	20987
13966	6927
25289	7395
11400	5185
14786	13159
24151	15383
22273	12453
13478	2383
7790	3425
1782	753
17978	18165
14452	8181
15274	12799
19346	6235
24551	16841
222	271
20982	11037
23511	11743
11896	12947
10772	17421
22510	2549
11154	943
12506	8097
8820	8163
24216	10967
4354	2895
21133	16707
24866	9585
4910	3549
21575	17401
8786	3843
17224	16057
8344	4493
23128	13575
1112	395
15236	20495
24495	1243
20724	10895
1650	709
6392	2917
2374	995
14230	15203
4306	4607
1156	1279
23291	13095
20162	6343
8790	5447
23368	20865
4340	1213
24104	14031
18484	8005
6114	4883
11480	5185
878	1637
2330	1117
9274	4619
20192	6347
1988	1023
12560	9495
12698	11923
14142	8111
5234	1475
10966	2033
8484	8709
24855	18161
25238	13863
17646	337
7844	5185
12536	12981
8926	5447
12228	12573
22498	767
11256	12953
7246	8883
3126	8539
23748	19819
6388	1789
19280	13711
10832	4415
15524	743
17180	11961
19396	18919
4076	14213
13350	6205
25199	8195
22271	14747
6732	5563
13990	11641
21878	10167
22110	2711
17432	5869
16810	2841
14310	11839
706	469
23426	13863
12774	1283
1586	1311
1160	2409
16634	6097
6454	5161
15368	19297
22518	8489
24202	3415
8648	4477
23079	15429
10026	5607
5288	5447
21244	6499
21951	12091
6098	2405
2476	1923
19788	16315
23420	11957
24318	16179
23788	8787
18010	6067
5416	13873
3000	2817
19688	19407
10670	9861
21045	20477
10316	5381
5668	3307
1544	955
10544	4895
22747	14875
14524	9977
7918	3449
13768	3459
13604	8539
25194	18965
3374	2507
1418	1341
2624	5831
24065	1783
4004	991
24297	13343
7818	4165
23024	4637
5598	905
22788	12889
16964	1813
9598	725
20286	13243
23760	13103
3094	18403
21793	10189
9890	16757
3206	5913
21815	14649
15598	20465
20972	10915
21617	1783
25396	20955
23559	18481
21241	14497
9556	11895
18878	19541
14660	14113
14696	10625
12858	5887
2824	16299
12226	8865
24253	7315
9318	17211
20618	3153
2628	1405
25168	12947
14840	13359
24982	10967
22683	10087
21446	13037
18228	9347
20302	12203
12636	13295
23468	5775
2212	997
14304	11443
15662	14445
5230	3163
382	173
10612	4349
10368	4243
16194	14575
18820	13895
25125	7781
25469	13879
9866	3871
19822	11223
14138	8787
22586	9629
2714	1601
386	819
9994	7595
518	667
23149	15495
3572	4387
14848	10227
21911	11857
16376	11749
24686	20517
19476	9063
18110	15515
14356	9917
6448	15301
11270	14175
13900	2661
17258	8393
5750	12123
10958	4403
24017	17379
22048	11495
22322	17929
25465	10005
14664	9047
10892	7299
11122	14687
22423	10031
19808	19403
13128	19311
17032	18569
12458	14625
18206	9791
23900	14075
16530	12043
6034	3635
2194	3815
13278	2543
2394	3075
16492	8647
18096	12467
14088	11217
16082	15689
22934	897
14430	1785
22532	11175
10664	3489
21562	19001
2572	2349
21220	11237
9796	9567
11368	13345
10694	13583
24641	16719
11000	5777
21792	5051
25357	19741
13520	5467
16908	18037
23997	11179
5842	1633
16450	11857
11714	11217
23103	9721
20410	11403
22463	12917
19642	17335
24812	11213
25432	15277
12520	11901
10224	13327
20232	11679
4302	1447
5634	2313
7904	5075
56	179
12730	11507
5378	9297
22102	14713
13706	11119
25210	19001
568	1743
24379	13757
21318	17163
22252	5683
24964	11621
22368	6705
22828	19163
6178	11207
7624	17929
24905	11175
23610	7395
13732	2071
22385	18777
20482	19933
25048	10773
4548	3871
24705	14633
23360	13581
20834	5163
25101	17461
16310	839
23250	14033
23028	16927
14572	12177
13112	10247
18070	18849
15276	5447
10446	8669
13798	13153
22391	4789
24601	11495
12772	10293
19596	3651
1346	1815
7060	4299
3078	2369
1438	743
12888	6013
7444	3823
10642	4375
15470	8211
24037	8441
2208	653
7064	12841
19328	10463
7960	13011
6004	9683
4292	4321
20076	14247
22892	16699
20652	7483
19022	2519
22759	10087
10008	8805
19222	13257
4498	3343
7736	4865
1374	3279
22912	19199
22174	18055
11112	4027
972	6177
346	89
19770	6287
15078	16135
18078	1859
15044	12471
17268	2885
10682	1021
21527	20567
7522	4227
16002	13409
2388	1071
12662	12085
23847	12841
278	217
808	11241
3228	909
20534	10769
22983	10437
11412	11971
24271	7395
14788	13341
22346	7475
23401	9825
5480	2691
15104	2225
17338	15393
18690	743
12066	8031
962	1311
12048	9181
21062	16531
23878	6143
20666	16323
25123	20821
11952	7355
15408	7115
5528	4617
4466	1221
8032	2021
16280	12953
1410	4493
21667	11749
21120	16531
16138	15539
18002	9739
8078	3599
16674	6639
22103	9539
2154	1297
2344	4941
21516	11549
8210	7843
19812	15383
13058	593
17908	7689
7626	6743
17846	5425
19710	12863
20446	7785
24546	20515
9508	7883
3870	1173
2234	2823
10574	5795
23090	10077
4046	2593
19082	7823
11330	14191
16612	8049
23783	13833
6366	2165
4932	3503
23057	10717
25214	20861
3254	1437
14854	10571
21545	9431
23798	19819
10360	12755
15544	1313
8642	1411
23545	7701
11818	10413
8816	2841
24301	15997
24413	18971
10454	12977
16128	8329
20914	18313
1190	5573
7490	19947
6894	8255
23994	7313
6758	7441
15928	6515
3594	2341
940	369
16276	743
22100	8487
9892	13187
15692	10161
21687	11857
22490	12929
17776	15903
21709	12105
22637	249
10894	8181
23448	15673
16882	13785
14086	5165
13324	5051
24403	1783
3220	1015
17722	13305
13362	13599
20558	14365
15260	5563
24409	12309
10766	19621
760	169
21488	13531
356	481
11790	18323
22773	11023
1348	543
21431	19133
10144	3619
22630	20713
10122	6767
19982	16187
2058	609
13448	4267
9666	20151
11792	4209
4112	7977
21092	16531
10396	10523
23076	7543
24386	5839
10090	5991
24571	8321
14110	4271
9990	2619
19828	5055
25080	12573
12340	19327
24731	14649
22909	20245
21203	16773
7202	2591
10634	13433
25150	15689
20166	11679
15684	9331
21691	7989
24045	20967
22474	11587
594	339
13194	9601
2116	1273
15878	16797
21556	17267
15264	7707
6986	2785
7398	14063
3218	8753
22389	17733
19564	13341
8998	9261
24714	20611
7934	6871
9842	3985
8480	13359
17842	717
19728	19403
11010	14291
8418	12177
13378	655
19890	4477
21748	17605
8238	13859
23902	17281
7630	12923
17960	3331
23622	13571
8778	6377
4068	2593
182	85
4042	1909
9004	11395
22598	5863
13252	6773
8310	4405
16398	7971
16188	9413
9812	2365
960	719
4836	2431
1844	2833
13342	13411
1754	567
24652	10523
24931	7649
7906	11049
14740	8531
13280	8275
24043	13999
11558	14307
22254	12313
116	57
13170	20711
2280	1485
16298	11681
1214	1939
21604	14605
21394	6547
20054	10633
11308	8343
22406	14765
9128	10941
22695	15773
24473	5529
19740	19461
7350	2137
22437	11741
782	1323
850	3387
7272	5361
17522	15851
1370	2555
25335	20933
11104	11595
21694	11795
7532	11069
13858	17243
13764	11543
11988	9341
21896	11227
11414	17151
5362	1243
20042	6109
17612	14899
20952	18323
9014	3431
21881	18929
12920	18809
24842	8471
24651	20583
23898	229
21344	8615
12908	20673
23191	12961
24742	20625
12742	6663
16844	8851
7406	2805
1188	8867
17938	20677
12360	11991
6654	15353
17136	11175
20064	5249
6886	2341
23590	15683
16120	3863
7364	2717
6036	4837
2220	611
12848	11215
15232	20495
24102	8787
10800	7005
22280	12461
14210	6123
9882	5849
24299	10119
7986	3467
7248	4679
10076	10517
24119	13963
13718	20833
21089	16531
23243	18293
6878	4103
22051	17145
23560	16625
24880	8199
13896	18195
10290	4631
24547	14507
10646	4147
704	403
5198	1931
21587	12453
13134	8181
23820	8875
8762	13359
10580	91
9646	7467
13502	10463
9496	367
22008	18037
23530	12765
6576	7811
21538	12749
7980	13903
9996	5683
23429	12273
13052	7769
18300	15113
9976	3361
12282	11175
9016	1313
16946	12749
9952	7545
24619	16831
8560	8077
12708	2111
16156	9407
23851	13789
22056	12165
7910	4321
25176	4203
14158	7421
12790	3341
24757	8701
19080	7727
7132	10477
10280	5245
546	317
5698	5975
21096	16531
15704	10005
17730	13365
8168	2445
23941	10467
9324	17013
8632	4531
6632	6307
6494	2065
13162	9631
23933	13891
6006	4821
16508	5051
15406	14373
12170	20539
11282	13093
6172	1167
20078	2683
20332	20389
12990	5387
20136	9925
9068	9291
24313	16167
18934	9929
23894	20213
25329	12389
16122	839
7400	1987
23914	17309
23796	20939
19838	10313
17770	1805
1142	555
0	7
2418	1655
22855	14919
19388	4381
22281	18315
18102	12991
6276	2149
21868	5055
22086	6677
12002	20487
1896	449
14054	4145
420	505
2912	1469
13918	8339
15508	10895
8018	4473
14686	2757
24424	7767
3394	3199
23265	8815
24924	13827
24693	17427
20072	3683
21610	4371
15060	9231
20590	16647
9198	3815
21138	743
3006	1525
21872	17767
14098	6555
22465	12357
5510	421
23538	18973
4746	4831
10156	1925
12394	12907
14610	6205
21074	16531
22563	12043
20118	7733
24395	15377
272	229
4652	2401
7992	10039
19366	8445
20224	14255
22911	19163
19738	13341
20742	5303
19790	13347
15884	9365
20342	19059
23473	7983
8908	6373
12470	8015
14322	20011
7884	3443
12572	6631
872	1063
19336	5131
23137	7615
12964	14763
17266	13981
5260	1307
10698	3661
1890	871
24836	7215
15094	5303
21677	12947
10192	5519
5828	8217
19434	14139
21883	2601
9470	3299
24824	17907
24505	16785
23641	19997
20746	6345
15132	5783
25053	14121
4244	1137
9202	5395
974	919
4110	2643
25385	2249
7472	1417
21998	8843
23152	10107
22735	14875
15744	16021
7556	8559
7948	5497
14486	4107
6242	1377
4452	5683
22144	12749
22668	13513
13246	15773
2668	3471
10072	10909
10314	12999
16274	16167
372	541
14598	8429
23597	15141
824	1311
23776	20935
19562	16167
15432	6431
718	313
6908	5845
18420	1783
7298	8015
408	811
4278	3243
23094	7255
10092	12675
4614	2367
18940	7865
17906	9709
5872	4763
8584	14159
22605	12923
9602	8151
5630	1337
2110	653
11870	5549
24307	16123
14992	9129
24280	19659
12224	7315
18866	16079
16146	9405
7110	2697
11236	11817
14406	7059
9412	7843
21630	11725
212	253
25319	12347
23363	20863
6228	1123
1278	407
24644	12597
19084	5779
16106	8471
3544	861
8996	17045
7442	1681
18796	8957
20806	16449
22775	13103
12900	6013
16320	13127
13256	4793
2292	4273
12566	20151
24666	11737
25010	17753
2326	1655
22415	7299
22128	11215
22350	13037
8586	19527
11516	11679
17076	2157
15898	5441
21411	11445
15952	3259
24823	8981
22664	20715
22658	15823
17344	14807
16806	17845
14050	7299
21982	17571
22589	8321
14082	4953
3858	835
22142	20663
21333	11351
15950	16347
22948	10439
7528	4143
24290	839
8836	17493
24959	10851
10506	4915
13690	4889
1306	517
22384	8555
15994	12023
84	31
16968	12307
8844	11971
1196	1769
17718	8861
23802	8843
22977	16927
22347	10169
24002	10061
9778	10727
22891	15689
24711	13697
21398	11495
24106	12309
4568	2137
19976	14219
22163	18131
22429	12109
16346	14617
7696	4801
13786	11503
21986	9105
4082	4275
23566	10967
4532	357
6786	11971
21005	10915
11598	8165
12094	12047
5962	4095
22304	4375
7926	2417
11620	4159
9146	2625
13266	6777
16910	12583
24961	2891
9732	6655
19798	11399
22877	20779
4882	17127
15548	1833
1554	4143
21470	11525
888	1081
20156	11739
9260	8853
24712	17543
8498	4449
2042	1129
18056	13363
21489	10067
12028	9351
23196	20837
24685	17469
7462	2339
6442	3877
25451	13257
6398	2497
9824	3759
24800	17859
13230	14861
22830	1917
2308	655
22984	10447
3352	983
13564	13751
15828	6485
17672	14703
13380	9669
2210	7645
13332	12197
22679	20719
2798	2227
1552	929
23909	13963
24694	11669
21345	5741
24873	12569
9950	1251
24332	14257
17402	3617
14484	7359
18512	7921
22853	14915
2368	15179
25243	15681
12816	5743
3534	1569
5308	9201
24304	14023
17034	12569
13562	1301
18948	13565
23816	11571
4988	1761
23226	18829
12044	6075
6624	9115
25070	18959
10466	729
12804	8171
21375	16919
21465	11509
24911	13697
5060	7411
9286	7685
18544	20909
13788	13821
12794	8501
24791	1327
11404	7979
19034	13725
24814	18313
24459	18561
23743	19819
24822	20487
5050	3087
21539	7877
19286	14043
9988	13103
14022	11485
12748	6667
1928	731
1740	593
10374	3951
7638	12709
204	381
20060	14241
24078	13257
21863	12981
23394	13373
18768	15231
21810	13379
11012	9967
14534	5041
1408	1139
7216	5597
22091	10383
14950	10313
1186	267
23572	12081
17144	9849
18580	3331
446	14213
3474	1655
12040	10675
18776	12843
25378	3511
24933	1859
12456	3957
1446	1967
15936	14033
14934	20537
24243	5791
5150	5243
8456	3941
10116	2609
8776	12741
2820	11525
11600	8165
3424	3219
6496	19543
23486	10209
21875	12145
25398	10467
1748	1
20508	20567
21823	20191
18304	9823
10934	5045
18762	8783
7826	14971
6430	11559
4524	845
16208	17317
23569	16679
11190	14147
12468	10055
3646	5397
2192	241
13862	6903
17392	8275
6376	1217
18288	6919
10808	4371
796	179
23866	13711
17448	12489
18584	3859
21292	12307
13738	9751
12716	5099
5858	7447
12362	6025
4160	3187
8184	4981
13372	653
16012	9011
19952	10715
1720	963
13216	8275
19674	8709
22193	12269
14108	8047
13976	9833
22868	19163
8972	9243
15660	11015
22600	13753
21124	11929
24211	18777
1632	13781
16244	8819
2924	12117
22736	14045
22797	20753
5688	2875
19166	16461
5824	5219
11652	5903
3528	2315
23052	14969
15678	10653
17972	5089
18670	19745
6548	6253
7178	15673
6106	12257
19304	12907
15802	12571
10228	6799
828	215
16154	15211
18782	15235
5130	5261
19816	16039
23828	13633
24721	11791
4846	6915
2770	3107
14118	15153
7842	6839
13922	9811
24949	10851
22363	4139
10590	6925
21010	16621
16168	7799
25342	19805
4764	1737
6568	155
13146	5309
9478	11691
4822	1837
18542	9867
22836	13667
12420	11657
15436	3197
6968	5545
17700	9685
5860	2565
10188	5317
4132	1667
2772	643
3204	1395
19078	5777
19684	14179
17044	10571
1030	531
17658	11705
24876	12309
1492	3793
5276	2877
9008	3723
25299	7333
5920	777
6630	6305
20722	13263
17294	9615
15320	9239
2832	8057
20488	14017
21754	17571
11968	9337
24746	11607
20860	10969
9052	1243
22751	9661
24377	8861
3550	1189
24847	12537
25147	9739
8266	11069
6092	4871
1380	755
22068	20531
24444	14023
23208	20845
25483	11503
2182	11077
24558	6515
298	157
21066	16531
21275	10311
24788	13745
2156	681
2020	5831
16892	14725
24818	10795
19910	8843
15282	6377
21024	16661
5696	7951
16116	6477
2162	859
24260	16021
4666	1181
2478	945
22026	10923
8808	5563
23879	7811
14314	3061
16024	16975
9054	1243
5204	3969
22572	10767
8170	2231
24468	16613
14308	8387
7524	2489
12096	6487
21335	16959
16426	6611
12376	13725
23316	9019
15334	16277
2980	1499
14334	8321
22795	12889
25094	14375
334	125
16030	17037
24753	17655
19390	11595
21444	12503
24060	15565
23504	17803
6208	9801
3452	1825
4342	17711
19332	11799
16986	10247
16906	12261
1824	687
3308	4473
19026	12843
17550	7751
17024	5811
866	3079
1768	749
9800	6689
5466	6483
7120	4041
11062	18253
22546	14779
8652	5233
21456	18387
4592	469
21319	11495
10462	6877
2676	13145
876	73
11286	6285
7928	19275
23724	4143
8966	9231
21287	12307
9544	3465
19462	18441
10938	6205
11200	16021
15164	8165
19426	14151
11606	10259
20820	16747
9248	5407
5122	8919
15770	16531
24766	16779
4594	2757
6770	3391
8070	2661
18614	8777
10444	4903
6074	6833
23850	13787
17312	12749
3794	5333
23845	13667
1732	6329
8914	2593
25049	16821
21170	19103
23901	17281
25472	20499
5186	3615
5636	6717
24544	10355
24457	9317
3906	2121
8020	2885
17132	11175
18576	20857
24887	11991
12910	3853
10922	9923
7098	3257
22845	13243
4224	6459
5906	7087
1638	1283
2360	2145
20274	9199
22336	1783
11456	9181
14962	13669
22469	13093
24492	16677
5910	159
19832	16099
7778	14939
19604	8077
16472	17617
7320	4701
16466	20621
12410	15565
24622	11549
2612	2487
10782	9899
4390	1321
4660	3403
10582	1863
12904	14755
11770	3887
6506	3085
17828	14969
3248	2469
23275	18299
12940	7333
11658	8455
16152	11509
24477	2615
21131	5055
21341	10607
20848	17295
8140	8665
15314	1949
19960	1785
24741	2791
19508	18441
15730	8395
17066	18255
20070	1845
1248	1177
24738	16401
17394	5981
22239	17915
12604	4157
8590	11223
9678	11979
4814	2425
4992	2457
2290	13327
23869	12729
10526	7209
3902	8355
17052	5211
23628	13561
23550	12621
23773	16045
2310	10523
24108	20213
7650	14045
14898	9105
24582	5901
22787	11131
1078	4997
21947	19075
22075	12165
18540	9865
206	93
10458	3465
7068	3809
11596	13349
4606	4771
9700	2819
2078	4927
24033	13963
10994	8907
234	51
19012	4403
11316	9097
16054	1907
23480	12287
20246	3887
13190	14773
8014	6557
20814	16671
23474	13433
13080	10523
19238	8597
1926	1439
23443	15679
21112	4371
21924	17767
23142	7251
25166	3951
7008	3239
22246	12291
23980	20055
358	307
14366	3521
1152	1571
7636	3383
20036	14235
10208	1859
21482	11509
5368	3331
10874	6181
13304	1783
12460	11809
23762	19933
9056	8601
22224	11743
15080	3155
16590	7467
21448	11581
21361	16985
484	8869
13790	6905
5010	3537
1704	893
24850	11991
21472	5503
9960	5409
22958	9991
21574	3439
15054	16135
9488	3929
14636	11969
17640	19023
23561	9853
23870	19933
1208	463
6838	2811
694	249
21978	8887
24252	15967
2778	2215
19474	14135
5450	2277
7860	5715
22838	12947
17968	8723
7036	5799
21788	11913
16828	18037
19496	4453
6960	10495
7426	3333
20396	8675
18688	743
9638	12981
5808	11607
17650	2457
24176	9955
7622	3017
22137	2111
20138	12951
4274	9349
6644	3683
12342	5093
6640	2219
1406	897
14620	14097
9136	13921
17560	8005
5868	2787
23640	19625
7056	5419
21661	11743
4	3
23893	11991
22957	16597
14320	4385
6420	9955
17096	20071
13876	12315
23300	7531
21683	17667
8368	3539
23971	20051
20412	10759
24171	15313
8246	17897
24925	11175
3054	1039
432	189
20038	20371
7496	6013
22550	10037
18984	20225
23529	10247
854	1055
23335	10967
18314	5523
15696	17703
10106	14863
24220	17519
22823	19085
1088	1079
19552	11175
22889	1859
3856	1753
142	191
9526	9469
936	7491
14338	13455
12994	1517
6912	9289
2218	801
18238	13233
3052	1205
8080	3487
2224	1183
1568	397
23875	15215
16540	11785
5876	17999
24969	18635
22017	17895
9830	4107
16876	17983
20642	9283
6408	5345
24485	18827
6210	3477
20360	6357
25482	13879
10652	8005
12112	3821
13916	7479
24767	20633
7550	1775
7994	4203
6910	35
11848	6447
976	411
1042	421
15196	7453
12374	5885
22099	18755
9962	14767
1582	9445
22335	8723
11090	1893
786	1521
3410	3763
15756	16531
14312	7187
24118	20105
20622	6457
23179	18701
21487	11493
6086	10419
11690	6559
9238	13471
23905	12889
10226	6011
20240	939
22608	13845
19168	8787
11692	2493
21109	16531
13390	5807
22556	18613
11730	5323
3208	743
14516	3593
11216	6271
21603	20593
18790	19997
12314	9787
9798	8171
14218	9883
23050	17711
7072	4865
17674	8387
7584	13499
986	595
8680	5683
5730	6963
3716	18629
13682	15015
19824	8757
18488	19719
18774	13879
15338	10775
21609	17379
6018	5193
13174	12641
12184	10831
13712	6867
19786	17137
8382	5033
16760	12163
15034	13725
5456	5377
9060	4563
9860	5813
24159	7137
664	1495
22916	13317
10728	6963
19892	10661
4966	2161
20522	4477
23160	5057
22302	8615
3640	777
22673	11717
11578	5185
18840	13949
12042	14483
19428	12771
21991	11113
13260	8053
22970	11805
1106	5349
7124	4631
11830	1911
2402	1375
23650	12209
5844	3697
1108	807
15912	13751
22410	8357
17524	5567
7086	3251
5786	4057
14998	9171
23487	18281
18920	13039
7814	4095
24236	14115
1330	1323
21419	13401
19164	19297
6810	3907
11360	8929
19944	10767
9856	6821
19156	13919
5358	2257
13148	4777
16790	9537
23461	15673
14844	15565
10262	5683
3920	2469
11960	16729
5118	4321
12310	743
22758	3405
13610	7871
16248	14591
14692	8789
15804	20489
11006	9961
18138	9775
5206	1845
21248	14499
10166	14893
3706	3431
6800	3615
25330	16111
21257	16823
20182	14285
24479	10005
7402	12015
7230	3941
9346	5599
23712	7167
20408	14337
16888	9573
3080	5183
24061	20675
4634	14849
20630	6445
19478	12771
17272	20699
7304	13085
474	427
10176	6789
2766	1091
3598	7375
21417	11509
18472	19503
3930	847
23405	15115
22466	12357
25167	15561
5518	4609
2796	9179
10276	9691
14892	11583
10420	1815
25132	5331
16692	10063
21943	17147
1618	729
21706	17511
22279	17929
25013	20411
8754	5563
25420	15565
22327	8353
24087	20135
17492	14653
16392	11559
23101	10557
1808	12083
13694	8871
24610	17163
14448	18167
23706	16821
23814	19719
6554	6263
2972	4005
24298	11361
7506	15815
24929	20687
2254	773
18402	5257
11436	7441
24903	12365
6432	6205
19330	10781
16678	8085
10674	5523
5822	11495
3548	18717
15046	9401
17786	8861
20096	17151
21653	11731
25017	19759
6492	2133
3330	6323
10488	2699
15932	9375
14074	15139
21572	17313
14388	9921
18936	9929
24799	12015
20712	10843
18026	6163
15626	16481
7932	2079
22125	18037
25077	19223
19780	13031
22480	1859
19708	8615
22945	11665
6088	8313
1508	5523
15602	11373
18500	15951
1934	11241
6370	5575
18880	12907
13648	8871
21786	17767
25278	749
24412	9907
350	4317
21315	7287
11564	153
21173	11155
13302	3407
16438	11851
9462	6581
7372	2717
24431	19857
23766	19827
8870	7977
25043	8099
9740	3327
18204	7297
3798	5717
16484	11909
25350	17217
7880	6857
19834	10773
12140	3477
17608	4811
2052	13813
25393	1021
12628	10431
12936	17711
1020	1375
1512	1603
1304	1083
8676	13345
5176	1993
13360	9667
22678	8275
23072	10143
21097	16531
13606	4381
23001	11461
8216	6085
20740	17021
18368	5129
1572	5955
6566	6071
25202	11321
1046	1101
6812	9225
13898	7773
5302	9235
3404	1313
3158	1265
1086	581
24732	17639
13868	9795
19240	12833
1032	365
21727	3887
8248	5297
23974	8965
860	425
21040	16613
6022	3423
22675	20717
19160	13953
17792	19919
13130	3565
6326	9901
19864	6109
8302	6905
14446	13995
14658	15679
766	395
590	359
15398	3189
22652	16821
3056	6199
17880	4863
23830	743
18604	8101
24422	16335
16774	10185
19170	17715
11926	10653
7114	3263
22338	12569
23799	15559
11800	12139
3096	5649
18292	6927
1950	17001
2464	14213
19378	11991
4066	4491
21496	3281
10024	9339
22837	5285
24135	19935
12498	3853
20006	11991
8360	2117
16162	18483
19354	9995
14196	10247
4538	5967
22441	13775
8416	13257
21995	12251
20320	10765
23544	5791
24613	11495
21650	11757
9566	4685
7574	4761
10240	5859
23678	19819
4668	5683
154	27
22571	5483
16132	11145
20788	9327
12918	8861
5102	3307
11470	11573
23735	19881
7964	8721
2366	1155
1784	2333
24871	20675
15144	8135
5258	6349
5656	5305
20616	7841
25093	17199
14650	15353
21340	16969
11838	11315
2046	2391
7328	3315
13254	7541
13032	5409
20150	8997
24164	16701
20266	8449
5220	6349
16362	7937
24852	8147
626	1
9084	20457
16050	14543
23375	12391
8126	19195
22361	4137
23428	1969
10592	14345
804	441
23531	12679
14380	19811
12762	3303
20476	20105
23219	4203
17374	4175
15992	8053
914	16653
20500	10785
23632	9865
14032	13765
20278	11547
23205	7541
10616	11539
11406	6327
7210	5319
2654	2919
2564	8143
24338	14259
10952	18639
10500	18917
7130	2599
23390	15109
13870	12773
4510	4749
10798	13809
24550	13975
2452	16299
23349	18147
20542	6403
18716	2149
22078	20655
2524	5585
15154	9195
1696	3689
1068	457
24048	13295
22677	14851
21803	11907
23436	13035
870	827
21168	14477
23533	12597
19036	10069
13722	4893
17600	2969
23456	9839
23181	20833
5184	14199
9170	5377
23601	9131
10064	2217
9942	13827
15012	14243
3266	2537
15976	11509
4888	5763
22994	9201
2674	9793
21800	16401
2502	3231
4702	2401
16480	13745
9358	6557
21104	16531
16278	3055
22124	18037
5224	3843
16136	7603
20348	11013
9616	8051
19044	5683
1162	1345
13960	5149
1574	461
1880	4431
14260	5683
8422	447
23328	20851
19110	3907
2698	4311
13288	8907
2484	10007
18850	11069
12026	3887
23969	11069
9392	3695
2300	2725
25211	19005
20112	7843
13198	4455
18834	8361
13724	8885
9934	8121
4654	7925
3722	8931
2720	5003
24914	6109
24645	20577
25180	1783
6124	9259
7376	5683
3926	5683
8540	6905
23183	16279
22568	10767
13306	2311
1590	4699
7676	10699
3566	2789
22956	6807
24834	7215
11344	14199
10012	8445
15918	7359
22878	14919
20918	19307
8634	3133
21358	11509
3966	1681
18744	20215
7946	1507
13890	6911
5168	3699
11040	10413
17442	10087
7494	10161
6404	2469
302	53
17470	11559
6306	15177
16556	5051
3978	3379
11244	19045
17898	18629
22434	19045
21623	1783
4864	5775
10428	5967
18868	7313
862	5523
4252	11051
16762	12165
17868	18973
4694	1343
292	295
24549	12047
21440	11487
25280	16821
21073	16531
21718	11863
7340	5411
18164	3331
8644	6309
7460	10627
24265	6273
21849	8185
8466	4917
5252	2239
23296	16703
19282	13667
3618	1223
21764	2921
15532	20449
426	1319
10774	5141
5932	3385
7758	9207
17178	11741
19070	4885
21252	6563
22790	11939
11502	11337
23702	19621
11184	16949
20770	8675
20976	16185
4246	9323
20784	17711
23834	13609
10880	6187
24777	12981
9278	3331
15758	16531
3510	1341
12740	5899
12764	4615
24715	9471
5948	3391
23660	13571
21050	16531
6240	6215
1386	4317
25153	15373
16984	8965
22159	14679
22808	4809
9836	5683
18364	15621
3380	3191
19974	14217
20688	20191
25325	11647
15534	5211
5144	2591
19978	19523
10442	15027
20034	4107
21140	9343
6634	5399
24039	6203
8100	6559
8568	11175
22292	12569
950	1473
24687	17423
17354	14773
15636	13871
23510	10461
15726	8783
17578	5211
25292	19693
22597	7973
19744	13321
13892	9805
11956	9323
19262	14095
13778	16863
25307	19609
23949	15515
21229	10535
7942	13121
23033	7579
22843	14905
3178	967
20844	11571
4860	3047
11468	14275
23508	18249
13972	4095
7102	11343
24803	4019
14908	7387
21485	11495
23535	18449
12998	5409
22222	12283
7546	4219
6222	5149
7616	2891
5922	3379
20144	10765
9854	4375
15608	2995
10154	2471
6656	7195
24345	20389
7988	2961
6712	6345
11358	5455
11188	14147
2186	2279
19414	7171
25042	5215
25473	20279
22502	18777
21332	12019
25389	15231
6232	2439
23621	13301
24921	13105
18058	15023
12272	6559
23082	15435
21720	6623
14866	12565
25384	15321
1856	1229
21751	11851
5762	1099
12302	7333
19730	13341
15298	6375
23907	20265
18616	14033
8054	5523
11382	9119
7310	2099
1026	71
22409	11471
14888	9105
12890	5819
7746	14693
23086	17711
23680	19819
21288	18361
15348	3183
15986	4635
17340	8339
7184	3283
18198	7447
10070	7243
18778	14069
24402	10815
17616	14901
3118	2389
17872	10507
15018	9139
2696	1253
19468	10595
5788	2733
19100	11335
23882	8787
15736	12671
2934	1933
5792	3345
10160	10967
11524	2783
15310	8455
22092	17961
9460	7471
7984	1259
24191	15337
2964	3355
236	145
13590	11193
15718	11055
6324	4067
13238	8663
18130	10873
16408	11113
20894	3585
1710	1323
2916	4037
1946	1565
22965	9689
14802	12843
18904	20083
23058	17365
23249	10835
12608	12601
12778	9555
18398	18405
23985	11089
4158	3533
12298	6109
18258	11485
21596	17337
22741	8921
24743	20499
3964	12907
24284	1783
24717	7971
2492	1207
12350	15629
7330	11575
20766	11699
9348	3659
9578	14633
24499	18301
22197	18117
23485	11957
12714	6657
18246	15097
18556	19543
25213	16427
21749	11851
15650	9323
21723	11789
21981	9231
14988	1873
1116	851
19862	6109
2984	1099
23381	20869
19682	13341
2416	4295
22672	18535
122	39
20362	12471
23750	8929
22206	12261
22398	20683
24158	7139
17900	7349
18958	15689
16890	1151
20936	5131
19988	14033
6142	2123
9372	3805
5272	9231
8426	4537
25036	10407
23654	19621
22511	13827
7042	2287
11508	8281
9728	3481
20268	14303
24081	20105
9400	4655
22070	20105
3746	3255
23745	15199
10802	7007
21404	17087
23431	10811
1592	515
10720	5307
5020	2623
9582	9485
11134	9049
10238	4165
7562	4167
18562	9869
8144	4241
5912	1547
8362	2393
23723	2757
19950	8201
9438	1785
9262	14515
20606	10463
23355	4931
6872	3195
6560	4291
7598	6727
22726	13281
9092	13603
23374	18091
5286	2707
22199	18089
22619	14777
13196	14775
19066	15309
22594	18645
16186	11549
512	95
17088	13499
5686	6615
11094	12793
11696	14349
2090	833
2440	4521
13842	6937
8988	17813
8974	13345
9158	3005
25098	19755
3712	4865
19884	7387
5366	2261
24718	5749
25499	19609
10394	20351
17614	8603
6724	4505
14738	4743
14048	11543
8420	3735
21445	4565
9450	5967
19638	20339
20842	16285
6852	4547
9334	1201
1252	489
23587	8881
16572	12105
16502	8253
7358	10183
8906	12471
20244	5403
7352	20567
23499	16821
13018	14341
10914	5017
136	61
21211	8439
9744	7837
25072	11495
7876	6845
10386	13313
6920	3015
23897	7267
20752	18299
14654	2803
18732	20931
19928	16153
6460	3931
15246	5433
12758	14693
15074	1845
22138	15195
2556	801
16328	6585
21635	14607
14784	14165
13506	7299
23272	6893
6320	2187
23344	11485
14222	7409
13928	2853
13702	5683
23286	4917
8900	8455
23976	13949
23182	10293
6482	3741
4198	3871
10554	4375
20506	7439
2354	2439
24430	10899
24978	11495
13286	2519
21114	14459
22122	14717
2034	879
20146	11191
5708	9503
2762	7059
25367	15211
1470	671
20730	11037
22316	19649
24115	15643
7486	3923
21121	11087
17360	13961
25071	14935
24840	18131
13074	4023
6484	13233
14344	13949
20406	14337
16404	4709
17850	16927
15948	1801
22232	12499
746	477
18174	18965
7958	4201
21262	18905
24399	13345
2544	5165
25133	5997
8878	5185
18786	13451
25311	19935
21227	13701
24532	20265
6148	2421
9006	4549
20898	10743
9222	3033
21939	14483
3440	3231
6424	653
10460	5615
6418	7037
4774	4339
1000	125
3064	8377
24169	9953
13158	6149
20782	14413
23840	8837
7262	2809
14258	5995
9360	4635
24863	10381
22782	1859
7186	7843
14112	7333
15022	14249
15614	639
20470	10767
18268	15329
11422	6377
2170	14213
24365	6377
5296	5563
18998	8605
14256	8861
24942	11175
50	367
13072	7299
13886	11485
23127	3829
2594	633
12442	2969
4844	743
16532	13775
13740	9753
22581	10575
5556	3231
20378	20411
7360	899
11520	5591
9784	5741
17886	9387
24890	18541
794	269
22618	20689
4072	8961
11212	4459
10662	12023
22974	10437
21059	16531
17064	13983
12168	1201
1962	10083
6922	6335
25088	10427
21152	3757
20214	20391
6402	2453
12056	777
9510	2319
9658	10867
1580	751
12534	6625
21328	11717
4646	1731
612	347
14352	7025
3562	18557
3114	12999
5396	1329
23652	7333
6474	5043
16008	653
21410	11445
3038	10513
676	1095
6134	839
6694	2979
20718	9121
13736	9749
6314	6975
266	91
6	5
19440	17215
22375	18573
15554	9307
20172	11679
5508	6963
22631	249
20184	4503
21602	7931
9774	5501
8110	2217
23675	19639
23287	20847
25321	3929
23644	13573
15822	10117
3956	9767
22610	4143
10124	20733
20450	7843
2764	2195
24720	11113
25467	19957
9706	10063
25060	20781
5280	3175
12174	3871
22399	10353
24930	8107
656	355
13742	5921
21937	11991
8760	6307
22013	13177
162	147
12246	15717
4284	819
24414	16821
22170	9563
11946	2665
3678	1733
2992	2335
3408	299
7944	9793
25441	19981
21828	5157
10424	3439
13322	15965
16200	743
22771	1783
15966	10247
8504	18319
5398	10853
9680	6335
6722	11573
25192	18343
2282	1917
9044	16319
17046	11107
330	289
20802	5791
7700	19193
2460	743
12218	8591
4170	4399
23551	1915
9164	6117
23089	10925
3996	2199
24130	5387
24627	20245
22681	5303
12720	3565
2856	3355
5228	909
22098	20967
9936	10523
19350	9041
11892	5101
16046	11495
22220	18129
11772	6423
14422	6023
25029	15845
1998	701
21605	20695
13996	4939
16518	18717
20912	14439
20310	5185
5880	10523
23263	11483
19068	19267
5418	5649
13650	6575
21520	3893
18352	15673
22962	1805
10814	5185
23937	13829
7724	653
2732	7299
13398	8053
14042	11815
8630	11873
12426	4829
13060	8181
10094	9231
22671	13433
8940	8065
20480	9245
21357	14533
12610	753
12694	13187
15384	743
13974	12419
10918	6191
9858	2861
640	1231
16242	17275
17460	5997
8666	4487
16134	14007
5502	11815
6188	10701
22707	5055
19746	11493
23635	14925
8242	11241
14494	10193
7396	9925
21999	7395
3046	2907
15064	8941
20492	15961
7418	4727
21214	20501
1584	451
2040	2163
18560	20915
10508	4203
6660	6963
15820	2757
24892	13083
7470	9925
21560	20275
8472	3093
10096	10279
10632	9201
19492	19391
18622	19997
20364	8289
22710	10057
23509	12565
7476	1021
5514	2843
25001	10005
23388	17803
9708	7769
7628	3377
2222	639
23241	18293
21181	8005
20604	14375
23000	10447
5974	7271
23801	13831
19190	8787
3836	7071
13998	2541
15344	9247
14250	5001
25486	7167
244	137
9642	4513
11668	17493
1598	851
7908	5393
16768	12165
14734	14143
17698	4325
17488	6689
23793	5005
8036	6939
4656	3401
2500	633
1328	261
3890	3707
13030	17929
13926	2853
22044	12165
8338	3969
24833	7215
24199	7065
12824	8473
20882	10005
3536	9473
16918	6689
1876	797
7334	5367
18644	19821
25495	743
5080	5927
11512	13109
7366	8059
15646	4371
23593	19733
20414	5447
18728	12955
23231	7541
202	299
8574	4317
1834	13859
12674	7973
12120	8355
16858	10727
22462	2565
13186	2055
14584	15673
6924	9303
8464	7089
15190	9207
23852	13791
17080	11175
3786	1745
14504	15315
9788	14719
25290	19511
23147	15491
10148	4799
6220	5185
23519	12679
11136	15679
19996	5249
6102	9719
17110	4119
566	579
6862	9273
7392	19799
6040	3429
17134	11741
8336	7045
10268	4839
2160	14213
8308	6377
23874	10841
320	301
22846	8633
20108	10765
13090	10851
13054	14029
22084	14701
14220	12467
4918	4967
23496	18405
9696	1001
24620	17211
22450	6109
4698	3411
16932	18129
22580	19401
18982	20165
12934	12615
13504	11665
1790	1529
6762	15725
17966	13897
562	1323
3976	4451
20636	15567
12202	5039
13040	7159
18554	4513
10614	11485
25474	17323
21774	11857
15506	7371
21771	17579
6842	8921
22301	8665
21876	10043
22286	13259
22504	19461
22859	13119
13314	5477
17812	14961
15746	16679
3356	1147
22951	11277
21526	9417
20790	10949
6236	4323
22416	6711
5980	19511
4450	4711
178	259
13826	8583
6138	4899
18342	15665
11074	6227
22278	12461
14804	7243
24218	15605
15170	1949
9316	14531
24368	12971
22106	17137
13420	11053
21011	15605
10552	15701
1280	13191
1570	2297
12230	15263
24806	8099
24229	7979
16886	9573
24563	10293
22659	16301
20684	17889
23927	6431
16940	18129
11974	4403
20572	1833
21372	16167
8962	8437
10822	9895
5066	3519
10018	6729
19114	15185
21811	5689
24940	6145
25460	20125
22299	18561
11106	7385
19270	12833
3664	5205
18530	6093
23099	7107
20420	20829
15712	16623
12430	20593
970	1861
15668	7381
12396	12665
750	1543
5846	4755
6304	3711
11374	9121
2380	1971
19132	9735
23172	7053
7542	7299
5202	2723
9754	8461
2054	4339
21654	17425
3450	6481
21880	10431
5538	7671
17802	11999
6570	1267
13938	5797
7270	7987
20654	18323
1250	981
2822	905
25272	1783
15880	14575
17300	19311
10980	11611
4828	1843
9982	3587
24316	13345
10218	3669
17006	10811
21588	17377
10108	6767
13828	6897
4318	2089
17276	8527
23633	12341
24692	5621
17540	10087
10940	1465
21194	18679
19422	8697
12552	13821
24296	14187
4834	2429
2554	3317
22191	6693
16578	12077
25031	20747
18574	17059
1924	623
10658	11669
24373	10765
8462	7811
18780	14047
1812	4783
23470	3963
14186	15203
11352	14345
20434	20757
24944	2557
19368	18595
25427	16821
23491	10293
13250	3383
10200	13287
12294	17203
21845	10065
24849	10969
1288	793
23647	13301
9538	6597
18496	5817
11130	20309
17458	6775
4684	2103
17816	3683
7878	7689
17536	18451
24062	12639
24629	20979
10252	8519
2814	6387
16702	14081
16468	20151
20016	10767
9436	6205
18064	20835
17772	7545
5300	1893
10016	4769
22353	12611
10666	9849
1458	675
13806	9777
13988	10121
19274	12851
24789	15673
13444	7213
18098	12715
11170	9059
1878	20979
21511	5573
12172	3815
13514	7299
23238	4203
22774	10373
9414	743
24453	20463
17778	10437
12266	2187
1076	3035
7324	7831
1472	607
18284	8287
23713	15187
3164	9019
9002	2953
5810	7059
20460	20411
23856	19933
17372	743
8818	5249
8414	15689
21070	16531
21537	7877
23780	20105
22716	20385
24528	3757
7656	8433
20568	20455
21378	20547
1774	2769
16896	6043
15466	12449
25208	11495
24482	16287
14864	18613
662	2001
7378	17711
23577	17803
9356	5447
24432	7213
13634	10523
22987	19161
13772	6877
16250	11403
18334	15117
18250	18689
21291	12545
21785	13067
3968	1187
20316	17493
22171	16991
5476	2101
7454	2111
2630	1397
22778	8555
9388	2467
22119	18037
16394	10191
8866	6545
24971	6741
23119	14175
25383	20269
15372	12843
24416	19961
21540	10451
19898	16129
23282	13093
22698	15799
12312	743
16370	13179
3680	965
22926	20787
24095	9003
7032	2793
14532	20995
9434	11221
2352	427
13552	9699
18240	20151
14612	6205
22998	16423
21273	10841
1682	1405
14262	3055
1428	2649
21972	17831
18006	5525
7000	20915
17642	20771
838	415
22588	9617
8512	4171
23338	15373
15172	5249
13418	10967
12626	10431
24046	12807
4958	1425
19912	10775
3656	20771
10908	3937
19848	17543
25443	19943
7050	2667
1602	1863
14624	20301
24101	15815
24967	18637
25306	1147
3604	2033
5874	1721
13406	4819
21014	16531
20906	14439
17500	11637
1816	527
844	1813
8602	3249
25493	19755
10196	5221
13222	15805
394	445
21980	20151
14706	5761
1690	657
13686	15689
4984	743
5614	2893
17922	12787
25068	12851
23952	16767
24794	12015
5812	2831
6592	1293
23951	8867
15146	9187
3946	7059
9758	17845
10046	3383
4010	2709
11726	16299
25457	6119
14684	8193
18142	10523
21035	7545
7002	3779
12768	11387
4150	5827
21821	14653
8960	14347
16496	12989
754	9023
12868	20395
22770	10395
23539	10043
21025	16661
17084	13827
8264	6187
21175	16841
8162	2109
23658	19561
24312	16195
17762	20787
15596	9019
15708	14455
15492	6445
21550	20105
392	57
3384	8229
3182	4129
20598	10841
24750	17683
14836	1783
4406	6617
23718	13655
24145	11829
5564	5197
24831	14729
13930	19135
20562	16299
21628	11483
4492	4739
21143	14467
24729	11835
14710	9063
22524	18255
19224	15401
11992	7901
24630	20979
25363	19741
18144	18911
21557	17275
9670	7313
16582	7333
3286	3109
14066	9851
10066	9637
7492	6697
11080	6225
21601	14601
22742	20739
17822	10447
24034	13963
9294	3263
8324	13257
9992	4185
22739	7129
12128	11991
8904	3361
440	287
6214	3709
21278	11227
15192	9209
23755	13571
19704	13341
25410	4277
11042	12795
18770	13869
702	2041
24001	3707
23016	5425
18470	10293
24250	12611
24380	7395
6988	4907
24447	17219
24404	16287
23881	13653
1970	9489
17234	13981
22248	1021
4424	1709
3192	8695
15840	593
3518	9445
6194	5967
17512	7403
18346	12273
4070	4031
23440	12749
25140	10171
15900	14503
6664	9131
23303	6937
1456	641
19984	13343
4418	3959
10080	4787
15866	12241
23910	20181
17336	10017
23553	2021
1070	2659
8138	5105
13546	4065
17408	7839
4230	3871
25201	8787
18858	8975
4320	1793
10700	8453
6382	3521
24886	18485
11774	6425
16378	11749
9902	13233
2450	2251
16264	14597
4202	20387
13414	8183
252	215
7978	13097
22464	14767
21226	13187
16758	18103
23859	16375
20538	10813
10568	3047
23839	19733
6744	7923
496	197
24160	7359
14862	14183
3238	881
3240	1607
14936	9119
24085	20283
6930	3909
4914	6557
22251	10915
24631	17239
22340	12551
12356	6575
23329	17341
8758	3607
524	2823
16150	17147
14216	15195
21327	17147
8326	1451
8440	4777
3234	16713
906	1979
10608	15967
24804	12427
2532	1701
20212	20495
24285	7299
24226	7329
21595	11683
22454	20263
12744	2331
17838	7801
18428	10247
20896	18577
23324	18283
23876	13823
9912	11175
23808	13635
12686	12609
3426	839
23899	20951
16670	12009
14272	7745
17252	7141
22901	10821
22785	8635
22805	13321
13042	8861
21454	7095
9398	6561
22016	12147
24975	5683
22	27
22930	14943
21923	7213
13588	9707
23232	13797
15294	5903
12326	13517
21235	14495
6218	1359
14478	11355
3466	1093
14756	5747
21579	17337
19294	19811
564	821
24733	16401
24116	7629
1718	1323
21412	11487
18722	12569
13412	10967
10170	4233
23171	13061
13556	20809
10708	6957
9570	11789
5386	5303
6196	3473
22430	759
20188	9173
11944	20545
5384	2691
14278	15221
10372	7299
24259	8321
22326	11799
2486	905
18618	1279
21914	12021
2576	9581
8322	15565
23573	18579
9166	8005
1426	8373
20222	14293
21956	11991
21088	16531
23913	11615
4804	15033
186	83
24756	17817
5438	2269
24040	14003
5314	3613
20852	11569
8294	7035
23040	10421
23958	20279
5958	2543
11260	16821
19178	8843
23430	11485
22403	1995
11120	1293
18538	20907
5890	2085
22000	14675
18046	5359
20624	13755
2782	1433
11430	11403
3346	12741
24554	20523
13154	9627
24144	5045
20682	11917
18794	14033
23863	19819
24734	11991
4456	1709
486	665
21148	16745
17306	9623
25212	14819
9930	7299
10996	5901
15180	8163
18156	13093
11500	1147
21343	17323
25267	16593
1628	8539
19024	20971
892	717
12392	7845
6300	2035
15016	6327
1558	771
13268	7249
3584	2157
1822	467
3412	1049
10282	4849
23819	743
25204	6145
12504	11857
22587	13213
20326	11475
21400	17389
22117	5677
24038	1071
16178	4325
17228	19933
18582	11263
15724	16625
11568	1199
5738	3725
17624	5211
23319	13967
13948	13373
6902	3199
21426	11201
16090	19997
21347	3639
11854	3871
18950	9005
21741	2629
23618	13571
1340	637
23049	10437
23419	18535
12500	17531
13392	7373
25021	8275
18264	12353
4454	5683
11666	14247
3602	1715
23716	19779
9270	12377
24274	19527
6096	1833
21646	10841
13908	11485
15284	4843
6596	9089
6882	10883
22221	18131
23014	10371
15458	8255
7386	1431
16282	20589
810	237
5104	155
10586	5797
20584	14439
19920	16097
6168	1609
15794	14469
13714	6869
456	123
8936	5907
19570	13435
10628	4945
6016	7281
3530	3997
3482	3727
22371	5055
18968	11611
23227	4199
25209	18999
15484	9287
4408	1875
23924	19981
22012	20265
406	743
23616	19503
24454	16821
712	569
17388	7271
23649	7333
20514	10791
19086	901
16526	10547
132	87
13242	8251
214	171
8270	12375
3760	4203
6900	10853
23159	12417
9790	4743
1976	777
22007	8781
6788	7681
19364	10985
4546	3359
18882	13243
5464	2767
23620	8075
21068	16573
11002	12881
14984	6319
5580	2895
17254	6273
14522	5037
23963	9025
3710	2253
16500	1371
13830	15055
11724	9255
20908	16479
910	315
3304	9101
25146	16403
5032	2479
21449	12013
25242	20499
21407	12459
508	257
23818	19725
12286	20557
2788	1263
2756	2367
24311	10641
24387	16237
21804	11857
290	207
22457	5409
10906	8979
6976	6477
23246	12467
18706	10571
24443	14421
11326	5811
11118	1639
22049	17919
21243	9707
15156	14303
22145	12207
14442	13257
16662	20151
12948	12869
12876	11107
8744	4501
6476	5043
3626	4753
1342	271
8742	4153
3344	11901
1500	777
978	1043
3196	4971
19116	12839
22405	10513
510	445
17086	11471
17058	11145
15800	14471
6054	9201
4314	9801
2202	235
2682	6157
10184	4817
19700	13341
18974	18717
20502	16177
3608	20671
3872	1065
20248	12239
14390	13927
14026	6933
24628	20499
11686	6395
4942	7059
15618	13083
23733	19779
12030	6479
9614	8077
23463	15657
22688	10087
20738	16381
19716	19877
23764	13103
13894	823
2922	7213
19412	20311
14732	20315
8598	3667
18170	18941
13488	4321
11030	743
25011	7395
18938	3533
13300	14045
20608	7469
9466	1947
7518	6707
24758	20151
15540	16771
10860	7021
11304	20347
22107	15521
19602	14173
19408	20191
20736	8241
23648	13301
4460	7725
14694	12573
5412	2267
14224	19807
2574	4117
23297	5665
17734	19219
25343	8911
4030	2211
4580	3363
22806	19067
15904	3245
21569	14595
5678	5683
802	183
20552	15601
7702	10409
5590	11175
18388	15999
11072	14093
10322	5201
6132	2605
7996	3469
8802	4977
17168	4759
3660	3375
25226	6515
1786	339
4574	2549
5710	12393
6328	2943
23432	14081
18012	11125
2634	4865
18504	10093
8262	19179
24309	20363
23715	13663
12640	7303
23273	7213
19518	9077
17916	9727
14806	13435
6438	2177
8772	3843
8258	12273
4044	2217
23960	13901
21228	13187
25480	20979
21281	1093
7710	6671
11332	10797
13822	2597
21019	11075
22433	8241
17212	7075
4326	3265
23446	20885
14424	13295
12418	6585
12074	11227
22858	15221
8300	3331
25354	12517
24793	12147
240	1
10842	15227
8910	14321
12992	3071
8982	2601
5056	1545
25229	20175
174	129
1448	353
13234	9649
21536	17247
14794	9093
7868	13813
1814	683
15622	14437
17384	4037
9138	8395
24882	7475
22313	7975
2718	1757
21963	5213
19748	19429
3284	14341
5180	4275
3018	5683
17082	2737
12322	14679
18168	7177
17280	14789
4294	1801
22496	17003
1686	125
13838	11943
22898	14933
14072	6943
6110	3053
21007	16631
24322	16195
25429	20081
1498	9059
16782	15195
4648	5727
10862	15247
8048	20877
24968	14793
19172	10163
7536	1785
4364	4655
16976	4375
21801	13419
18588	6963
12700	10063
5640	3301
5944	6757
17126	15887
13770	6883
23133	18551
16096	7315
11878	9313
12358	11659
11916	1859
16852	8157
4676	2373
4582	1395
25347	19733
13816	6891
15892	7621
23637	17413
5026	3545
17572	12843
14292	7017
15070	4523
5158	14341
166	229
21856	12105
22310	8921
4018	693
21716	9513
506	223
6846	4541
1908	957
5188	4497
25440	8555
13290	12309
12944	1021
18088	6905
24762	12021
6604	6067
4128	2243
4164	9259
22237	20667
22422	8259
7058	9367
12110	18707
18924	13963
18042	1859
22847	14909
9562	4683
11756	6045
2518	909
25395	13879
21064	16531
18464	6951
23361	6913
12590	13379
3060	2355
15138	12799
2936	909
7740	9673
15552	11235
22153	18037
10310	13785
21766	17715
24894	19219
24019	20365
23067	10985
14774	6205
2012	265
21799	19947
12586	8313
11020	3549
5628	2309
20750	12329
16838	15847
24837	16219
25078	10767
6120	8495
3354	1195
19874	10915
5632	2311
9268	5757
714	1419
22062	20661
21864	17727
19534	4315
15786	1947
10354	6843
23651	15535
14128	12497
1958	629
23494	15633
21494	20559
23369	13677
20252	8691
22414	12603
6310	3501
9012	6409
8858	11679
9870	17185
11298	7061
21459	20187
17584	13471
4998	3067
2940	1453
164	165
21688	14623
20062	16237
19402	12771
21480	11495
12450	10645
5582	4641
14822	13453
24498	11037
19520	8837
4324	3059
20998	16531
17888	14989
23203	20841
13038	4221
15286	1949
14396	6187
2008	601
806	321
19490	19817
19276	18707
23990	8221
1510	1623
2664	2815
15610	12399
9656	4709
1858	12819
14830	19403
21039	20455
17904	11175
10834	5007
5596	3849
14150	5347
22938	10463
5256	12471
21769	8227
6666	8605
23347	2333
9878	3871
5722	8535
19722	19401
11292	20279
24270	12787
12692	20265
22025	9525
18126	13067
23367	12391
7094	2299
16616	12005
21871	17749
24361	19059
12622	5683
17364	1947
21329	4563
19040	9945
25344	13633
24136	20977
13536	4863
24016	19433
8136	13197
20026	14229
6274	13891
19194	2111
25403	19467
18308	18147
21865	12105
1180	1323
17774	5205
22203	12269
25091	20483
4968	1405
12524	8907
22426	11175
17214	12827
23921	10197
20300	20395
4854	1589
918	1103
874	401
24344	19495
1134	1131
20024	17989
11232	8531
16322	7303
1514	113
21612	11689
7752	7695
22881	19163
7924	8355
21675	13179
21614	12665
12516	11815
24100	14031
9688	5337
25424	15263
4362	3285
8780	5435
21506	16747
25351	19733
23655	10247
22182	17905
19926	20395
18742	20217
25218	13863
21080	16531
21069	16531
14090	5303
16332	9585
3516	1215
23936	11507
22461	12983
15454	2995
20986	12569
1232	591
11718	6401
10198	14923
25442	20961
8702	13283
22651	249
17314	19997
9802	3783
21958	12645
16580	8501
23453	9815
23281	16737
7684	5971
18532	15161
9424	1695
1126	5543
20808	5055
24723	17525
23464	15633
4262	3233
13352	9665
2306	1145
10648	7999
3008	5189
1670	1279
12862	9985
11198	16021
25266	3625
10178	653
220	81
7754	7979
25287	15659
25492	10019
4726	8107
16330	4671
14578	4325
25121	12961
1276	407
21421	13775
3090	1071
18514	9119
18784	9903
22306	13829
5838	2077
4688	13133
15014	20495
22902	13093
9894	12467
24255	9989
4206	2633
21136	4321
6064	1805
17226	1243
20594	12309
8686	14221
20964	14439
18964	1783
21586	16589
3180	5061
24588	5791
3342	6379
21679	20595
16428	11789
3752	4821
12118	953
12582	12981
20984	11087
24208	20343
7728	6259
644	1999
24960	249
6828	4359
24765	17725
3700	1281
10630	4095
14002	7541
12078	7899
5074	7195
10932	5113
668	4317
416	31
20178	11211
7896	8355
17120	1785
1548	6487
10870	4083
5426	2615
18296	12445
24266	9989
17740	13477
21397	4891
23785	19851
5568	5559
2606	1573
1246	561
5346	1301
22055	9865
21822	18005
14440	6119
24981	12955
24599	11275
25494	743
1736	3229
10872	13949
19680	16167
7150	1815
15430	7767
19550	11175
23310	16233
22844	7287
12678	6135
20276	6355
15656	20283
6956	743
2932	3293
22849	14907
4562	1493
13470	16893
11740	6405
16262	20585
16144	3259
3298	1671
14914	9339
24360	14335
4412	1225
18966	15689
18302	13371
11828	8945
21476	7799
5200	3153
10204	3419
16644	13539
6864	4971
3034	4037
24324	13345
6200	13903
21250	14483
16816	18755
16172	14547
22904	19163
20174	5185
8474	10247
476	225
16650	12009
1986	5731
12424	9451
19030	9941
12558	17687
12932	8323
6888	1833
16010	3639
4256	14457
4902	3989
2458	20445
6400	1827
11086	11175
8740	14267
1734	895
12660	17683
17516	10315
14140	8787
10898	7313
18456	10419
1352	985
24986	15397
7610	6733
14722	9069
14680	18451
17054	12643
10332	6841
15810	11815
22601	8181
20632	9327
21622	7897
18960	9439
24321	11495
15974	905
5182	3147
13860	11593
23670	19625
14520	3851
2938	905
12644	9509
3826	2677
20292	5185
23116	13599
1478	783
20726	14393
9922	5155
3214	4381
22054	11025
25468	13527
8280	8171
14674	839
23690	4371
21388	11445
6070	13817
22287	12569
17840	16893
1714	5563
23835	19719
22848	19611
25291	8787
24024	20135
25463	15289
16564	7541
23409	11461
24503	16475
17152	16121
24194	9105
24059	10463
20164	8443
19370	15371
22880	19163
23030	19101
21384	11383
4162	2365
7176	3663
24111	13521
2792	9149
4526	3355
22088	6761
2522	663
8976	5495
4518	2861
20978	13749
14526	7061
18040	7299
15856	16779
11566	4153
15796	10117
22034	12165
21451	12145
6766	8455
21495	20809
24419	7767
24381	10293
24851	8555
24140	20245
7006	13975
25020	16793
9536	9151
3944	1767
6030	2551
14764	5303
15300	20395
25436	16187
7136	7129
7720	5379
3414	2591
14846	6905
6582	2205
10250	8121
16380	12713
17208	13821
13220	9647
24640	18361
11218	1783
310	53
17050	653
20234	9189
2650	12967
5380	6455
17598	13365
2428	717
17948	7299
11994	13975
5768	4735
24174	20981
15142	8997
8782	5441
21729	7971
24112	17803
13184	2365
15996	13115
8722	6153
9640	12559
2176	933
9210	4249
86	45
1052	65
25127	20183
9818	5167
20432	10637
4794	2413
10186	3413
15186	9205
18380	10209
622	1247
21781	4011
14270	8499
3112	3905
8732	5447
11036	7063
7236	4673
12222	7785
11206	13485
6066	1021
15460	10409
10288	5187
11752	1833
10202	2679
9710	4307
4098	1423
23524	17803
24098	20145
5776	2149
15038	11211
9266	5815
16028	20541
1496	2409
12576	4011
18856	9919
9156	5419
3748	1739
12668	11835
23236	7061
22691	10353
21297	19403
16112	18763
19090	11335
6530	3091
13244	6015
10978	10675
1864	2509
52	63
17794	13885
11996	9377
22179	18131
22740	20735
24341	17493
22648	249
7428	4731
19494	13015
19616	13341
5612	6577
3644	1635
15790	9351
20080	10725
24461	13873
7088	1689
16708	1405
13674	3951
1922	1095
22599	16459
25069	10197
3224	2167
9604	7297
11846	4075
10758	4979
6728	2515
24021	13959
10954	5993
12210	14547
11350	7409
3754	2725
6068	1557
17206	743
12746	6671
24124	15291
19856	10645
10604	1361
6996	3235
9160	9347
17474	10369
23061	19421
25333	13751
24244	2757
8922	6377
23168	12199
18224	6901
21808	14647
19826	8555
5132	12467
6720	5535
1700	843
21757	11851
16418	9475
16524	5051
25401	8321
22208	12261
17836	11623
17112	11741
8250	1405
21424	20105
24988	10375
938	3229
21703	17907
22988	15913
12462	6601
21908	12105
9904	15887
6772	3171
22150	10795
5562	1925
16166	16777
24122	20245
24032	7359
22223	8099
16648	12843
24491	16651
176	177
6026	10425
13744	8805
1990	637
23313	13683
23562	18415
11672	5279
25191	11495
21323	11509
21103	16531
2264	759
6446	7999
9364	5529
17720	8795
6874	6427
6574	6515
2550	5627
22692	10355
12388	17411
24548	16841
23996	15565
18516	10233
11224	3109
12546	18929
318	125
23929	20199
11858	5221
19482	11409
3280	8729
24813	7299
24182	7539
6254	13327
13582	7337
19452	5791
19904	13189
21844	229
12972	11741
21290	18361
20592	9315
15130	16133
18136	7541
16182	1517
23396	18299
13632	7299
1366	5169
16142	11509
11050	8321
8176	1125
7078	1163
23256	18959
13986	13915
20018	16261
12642	12033
13232	6763
5664	4675
22307	18153
4784	2913
22325	19219
188	127
24864	12471
3170	2555
1230	265
2852	903
19316	14101
23048	14987
7748	3415
6668	3539
6444	3077
15612	10841
2900	11343
424	661
1854	8945
25365	19733
12828	2979
23309	12265
9030	6435
2680	9793
18422	7305
788	2859
6868	3193
21475	11495
25477	14059
23467	15633
1480	551
21189	12467
13106	10723
20876	16439
6698	3151
262	481
8366	5031
2738	2015
17706	7751
3348	9211
10776	17421
13124	12619
1626	10717
7404	1151
24481	20473
17012	7195
20662	16573
11556	11007
4402	819
22324	10537
22076	20657
21519	11549
9416	4649
4862	3485
12364	6579
23708	19717
24249	14561
13188	9603
19718	10263
1870	651
12062	14487
24970	14789
25425	7625
11674	8617
24623	7763
5496	8251
23922	15225
24562	18947
15870	13767
5674	11895
3692	937
130	117
21564	13245
22567	14121
1138	479
8506	5125
22459	12869
15742	17711
22915	3887
24175	6187
428	1959
12724	9535
5370	3203
2652	4907
23739	19819
10796	19635
21204	12987
4282	2285
4296	7197
9296	13115
19360	8555
15306	5907
22950	16893
8468	15679
19466	13033
13330	5943
7830	3737
23069	20819
16084	18387
14060	5131
25271	7701
25205	13903
25162	10123
14274	3061
21085	16531
708	8945
16724	17845
12514	4693
5312	14357
1452	351
24987	15395
2010	721
22718	20727
4598	1105
6456	2463
17444	19241
7282	4107
24690	11743
2632	5523
13004	8107
11576	5903
21268	14505
1236	201
16506	12989
16292	5163
22456	5409
19540	6277
7142	8121
16952	18131
8582	4253
8696	14245
2804	6601
9514	13923
24393	11799
24881	8315
25305	9131
13316	6787
13120	14037
22982	17041
23517	18299
4220	3065
13692	7047
20084	16217
20052	16117
23393	20127
16684	11873
17596	11215
1344	677
24134	14057
7520	6029
6642	10641
2322	929
21134	16847
22200	12269
10426	4891
8518	14151
8638	4199
2384	1069
20902	7551
11338	9107
11894	3157
6414	3527
24363	19059
18792	13891
414	17001
17566	11939
21225	16705
11938	11175
24147	795
21259	5183
25379	4965
17382	13177
15168	10279
18124	13547
14730	14141
9876	9587
8628	6301
22552	16459
23999	10315
12696	12695
2324	1797
11026	9975
7384	4719
21629	12667
15774	14463
21979	17137
25249	18455
696	547
21249	14501
11824	4235
6942	3395
18044	10315
10052	8327
25197	2891
648	325
14564	20289
16808	9547
25169	12961
11778	6431
11922	12859
12136	6527
21115	1681
12548	13961
17894	5287
18184	17341
15896	6217
22562	17897
14974	5943
20322	4523
18196	7531
11126	16021
20000	10729
16048	6545
3766	1575
15426	6421
19930	11991
6658	5109
3050	6717
11572	5339
21314	11495
24082	20105
15488	1833
3972	4213
9384	12425
19686	11969
5790	14729
20980	16531
992	1
5018	4381
19742	19403
10120	7313
22936	17907
5156	1659
22263	12291
23964	10193
23260	18911
21584	17347
23954	13891
19872	10785
15122	5603
12980	12603
25164	7683
6840	4539
488	181
21098	16531
21325	11445
18218	2121
24938	2697
6038	2387
6818	3177
5348	13193
8874	3691
2242	1331
6944	4577
17014	12661
22570	13263
4570	2179
21184	1667
7678	2543
144	367
23348	12349
8388	9061
24025	1995
13376	4809
24633	20567
9664	7771
942	507
17508	14879
15638	13615
7708	7753
5148	4481
6650	9099
8514	2193
8490	2187
20634	12449
25063	7253
23777	15209
20044	2757
23222	12997
12122	20869
15378	20427
20140	7977
15202	14307
24155	20281
4286	3871
7070	8395
17910	14993
20990	7767
23015	19755
16358	11753
24022	15279
3150	921
24708	20609
5414	3217
3622	1333
23585	8843
23306	13093
7822	13885
5458	1869
11046	11581
13784	7299
8430	4331
24974	4371
8304	6975
10034	3829
21240	20505
24353	9839
17274	20697
7424	9767
2066	15057
24869	18561
13688	7611
21816	14653
11264	2921
7410	11025
6676	2949
25120	18629
21563	14061
7010	2225
24028	20105
22764	683
10118	8815
13118	3907
24272	1783
17102	11175
23006	12437
15816	19045
17632	14213
18048	11319
19264	12819
22714	1859
13024	8555
13094	7841
21013	5055
13602	13025
21833	5051
22971	13889
20678	3231
5856	3905
4416	8535
10220	5685
5490	6487
2168	6407
18274	12323
13608	9711
16672	9517
16124	7095
25381	13949
2002	1823
8004	16703
12398	6205
3824	13499
22935	19933
13122	13263
12198	11309
2442	1309
11376	4115
21137	7299
25086	20789
4126	6349
24888	18153
18076	20839
6778	5427
25079	10909
396	185
22959	7061
22914	15605
17796	11805
19656	13341
25225	5523
10414	12803
22919	14911
13968	5667
6490	12905
7686	4797
7930	13429
23729	13667
22540	10967
21299	11445
23844	13667
17434	10355
18628	19819
16748	4021
24838	7215
13544	3651
24167	15311
23515	18405
23495	15129
16864	13623
6338	2397
7044	2289
15734	11087
894	473
2286	1791
6768	5473
21176	18689
25047	16821
23606	19551
4878	1363
20098	14255
20238	17493
24230	2519
540	1683
10886	5881
9306	7213
25430	15297
24728	12005
6170	8793
21615	8241
23758	19819
23639	5105
15958	12403
7456	8079
768	1
2390	5793
16900	10247
9458	2737
2266	705
21567	11613
1290	483
11924	20455
11424	8675
11458	5403
23663	19561
2140	1295
18358	9839
16254	9435
11478	5373
24744	10431
17140	3359
12022	4321
2086	6161
1084	5523
24725	17715
24478	7761
13660	6857
23254	12947
22789	12889
23261	15063
5094	3103
2506	723
23540	9845
21452	12145
24897	18985
21901	12009
23975	13949
1862	637
13044	5059
24195	4107
9746	2813
1848	4311
22289	18343
21443	11479
7662	7059
3282	3101
20200	3149
25276	16315
4742	7287
22997	10447
5574	8217
25247	16373
13384	2519
9338	7313
1238	537
7824	20107
25082	9387
2150	5523
24133	17323
1274	1289
22027	13369
22685	9585
8842	4513
20122	19059
13168	5683
21492	18789
8228	8135
24589	20499
6288	4971
23803	19717
884	1591
22815	19081
15254	10777
11610	14321
24579	11495
14688	10663
3478	6525
2510	659
10114	4327
13630	12281
17072	4231
21033	20445
2996	7059
10600	10967
16646	12037
2028	865
5756	1515
15528	14405
6374	3519
25014	8321
12930	8315
22886	19217
19244	18725
6334	13879
22536	11175
1314	521
9482	989
13294	1579
12206	5723
24621	13879
25279	19111
17158	11175
22636	249
16894	8099
8826	1191
16730	12165
11728	13871
8804	8103
8434	6229
21001	16625
11364	14211
18412	7701
24906	8107
1242	453
3016	2097
25066	4407
22978	7299
23459	11485
3854	829
20772	10895
12438	4615
22761	7361
3328	3139
24451	7229
25241	10249
12146	8051
19258	18725
6212	2593
24594	11343
1258	501
8290	8667
10756	19779
24275	14173
12152	8321
24841	5695
18750	14075
1852	795
9214	2667
6734	2593
10324	3769
13076	2027
14842	19475
1756	533
24496	19871
15590	3359
23174	15543
16884	8191
4612	4777
15956	12543
25377	12827
24278	16821
736	263
24055	20105
25104	15903
12738	12667
23781	20275
23810	13633
24242	9079
25130	17493
8220	1961
7196	6561
23451	10293
16802	5131
14044	3061
24796	10459
23594	19529
11786	8447
5604	3901
24569	20535
21504	16033
15268	4523
1018	587
1994	1323
8588	8089
21740	17531
5794	5895
19814	10591
5250	6359
5956	3399
21851	10439
8930	9211
16754	11025
15036	6377
4382	14603
25373	8861
23449	2869
4868	2991
9908	12907
10504	6899
15778	14457
11604	7485
20230	15055
1200	437
5178	3145
24764	4705
13530	9697
7640	1775
250	491
18738	8765
25485	20983
15000	16995
24092	11253
14426	7529
13880	8259
25255	7299
12058	7611
20262	10279
24536	7607
20196	5903
6536	6245
18962	10109
11248	4283
23414	18405
11474	16133
13308	4193
23408	8287
7956	9763
3758	2707
17370	10087
11654	4193
1744	1375
1996	1457
12620	8053
12968	9101
5996	2377
25156	9801
22021	12015
2598	869
16066	8885
13984	6929
4144	3705
23322	20191
1210	2673
1486	775
8226	9925
14166	3683
24228	10061
23285	6891
6808	8919
21736	11851
1532	2221
25417	19541
23615	14341
12	37
2846	1025
5554	3841
5644	3303
13800	8193
13132	12737
2392	753
23065	8743
12254	11499
5588	4645
14330	3899
11228	6275
2126	819
18188	15079
2466	2265
24099	14019
9302	989
17440	13923
19732	17823
4870	13827
11434	5603
6918	6451
12732	8131
16820	8349
2774	4113
8510	9059
22757	20745
18128	12373
12978	11347
21401	11343
23194	18941
20596	5287
8356	13949
23595	7673
4934	1383
8186	4987
2660	937
11540	17493
23311	13903
5930	6729
6932	3517
7682	4355
24900	11175
13020	5409
21777	5055
11418	5185
23454	15621
7238	5161
22772	3231
7480	8739
21745	17639
22367	18361
19634	13435
18724	4371
21607	10247
19896	14203
7554	2447
15390	11087
23080	15427
13652	13521
14444	13653
19148	7061
5328	3187
23849	10701
9968	5131
21507	743
12648	6635
18546	20913
15476	17889
6516	5055
24656	4663
23514	18415
980	2933
10298	12041
21310	6555
17204	19569
10950	13653
3274	20311
21600	13923
9846	12581
22577	12733
5470	2655
19480	8291
11532	8395
22933	10421
21279	5183
14294	9907
23252	12947
1828	931
23345	18143
3172	7367
228	47
12144	2773
24707	17557
13200	14845
17236	12417
8396	13363
5232	9117
22943	6803
928	303
6690	3739
8766	2225
22595	20707
23433	10491
1954	1479
22339	12549
12348	9433
4368	3907
23125	11987
3092	3409
23791	17421
21095	16531
1098	2581
16666	9515
23197	18829
3480	6963
8508	6257
13638	5691
10366	13133
7192	3907
16338	20593
17292	2417
16040	11509
4768	4859
6426	2585
5692	2921
4544	5839
458	1
21041	16499
6174	9009
10848	4193
22094	12201
15766	16499
17316	3871
22689	3985
14720	12771
20180	5447
4756	4851
23045	6829
16074	7933
11748	16021
25320	6961
15938	13187
4536	4513
21711	12947
23576	12679
12018	10147
14728	6255
21825	17667
10278	4843
11504	9171
16992	3331
23412	7701
10704	1555
9618	1497
998	651
24891	18395
15844	2663
1296	309
16566	9507
20786	14213
25268	11301
10624	9841
19092	15321
23245	5291
13210	6755
17748	7813
25155	7289
8768	7973
22481	1859
22162	18037
9362	10067
25240	11891
23769	19819
8120	18521
22050	16021
19846	10767
24071	1607
11910	9307
10998	9931
21989	14653
22641	249
23782	13093
22647	249
4540	3871
12024	10473
24282	14173
16354	5621
25257	17591
6522	1513
23962	20055
22803	19053
21553	16033
21463	11513
14960	10971
22696	19759
14776	2611
21813	7997
536	311
1616	4255
12300	11485
8030	20869
14412	3529
15960	9379
7116	3879
5744	10523
23087	15429
22633	249
21918	5683
1324	495
12856	8191
23714	7741
23331	20339
12826	8191
124	97
3630	1403
6122	927
20600	9275
21877	10149
3764	537
11628	10279
16712	12015
17192	11175
2750	1643
21523	17225
24795	15357
23417	18361
10540	4925
14174	15173
18236	9797
14824	14177
14750	9079
21119	16669
6340	3021
20714	10895
1758	511
9608	2863
9118	16581
23664	19561
6926	4569
14160	8929
2838	12407
6144	3243
18182	1843
4108	3887
8748	14247
25230	20881
12486	1893
7308	1189
24874	20669
11976	9339
4476	2195
7840	2397
23759	10701
21886	20069
16936	18129
22388	10723
25134	11217
4478	1329
5606	3293
22169	10053
1886	1055
24334	9217
22154	4107
21021	11077
20544	16439
14752	3109
22561	8393
9972	2787
3486	9393
10030	19311
20394	10795
23472	5111
20074	20495
2294	597
15304	6397
13646	9723
24096	12807
23471	7299
23822	19721
25419	7313
14530	2709
21478	11969
21573	17233
24772	5051
22840	5211
8558	8431
10214	693
23987	12809
22250	13189
24035	9927
9586	1925
10088	6957
4086	3165
1372	617
20338	14319
6332	4983
12324	9427
578	1271
22235	19897
25161	17475
1110	2621
2314	201
15084	5563
22539	8413
19456	10463
21072	16531
9718	12279
23421	12349
2248	8945
20390	10777
24173	2417
22396	8487
22492	19933
23012	14985
9850	6013
22478	19407
22151	18037
23855	13571
4310	4611
10000	6719
24406	9327
23214	12991
22947	7053
24372	20495
24397	6303
19196	20293
22104	9561
20968	13037
10920	7059
10520	13429
8938	11679
23326	11799
21263	6545
21234	3809
21805	16145
25234	16041
5984	10341
8096	2879
14438	7219
19664	19389
4266	2169
10128	5247
8616	6299
7782	13327
1806	1471
2238	2003
5266	1467
16826	6669
2114	1075
23054	17607
5800	8187
19980	14223
23466	15633
21634	9449
7914	8705
5546	2695
19854	16099
21692	14629
23725	13659
20612	20433
834	1193
16726	8093
6834	6259
24605	15717
24626	19997
21873	13339
15496	1527
16640	5051
21438	7895
22243	18131
21638	17457
22089	18079
2982	6667
18550	12417
25000	10005
15868	13379
23008	15679
22780	10087
7784	3421
23317	13359
23395	4569
25135	10073
21592	11529
10194	8679
2244	817
4778	2901
6104	8695
23070	9717
15360	20395
16512	1783
17464	7299
2272	2535
14324	11091
9100	4573
5712	2607
5718	4211
24902	13303
11588	9211
5500	7339
22319	13949
21105	16531
23447	4147
22493	19933
19800	11711
22794	8181
11810	1243
4748	4835
22628	8843
17530	1341
7226	73
6520	6223
18256	12349
21648	6591
20556	3753
16956	18451
17610	13219
4290	6493
22817	13355
16928	18129
10830	5005
25366	11495
17026	2839
16104	7819
12776	6183
15780	3943
15444	11039
21606	17393
10362	3951
18764	13865
10762	5489
25051	19143
22723	10461
24780	12009
25273	7305
5818	4037
9652	4707
15240	11547
23692	10479
2520	10595
20922	13235
3776	1357
8192	4993
3464	1549
16478	13745
17736	3751
10714	20911
7182	3283
8334	2499
15370	5251
7362	13091
4588	13097
21477	11535
18680	13641
8864	1147
5484	2285
23223	12997
21713	7243
11936	12467
20792	6457
442	693
2848	1849
20048	7447
12728	14689
22230	18117
8390	5035
5428	2269
19334	12603
13946	4937
2568	2093
23862	19933
15682	14449
17964	7781
16930	18125
19706	19429
5602	3287
3484	3269
5424	4071
294	113
11018	8647
21346	10439
16544	14651
9540	2321
10432	4897
7326	5869
23800	19881
21362	16385
21649	12695
7730	2379
1578	1939
12492	6613
17708	18205
14762	11293
22097	17973
1240	913
4964	3061
15978	6529
8044	4935
3268	4025
22897	20783
1680	6011
21155	13975
11702	7387
4744	16893
24726	11991
6020	11461
15416	16609
25353	19733
17378	2547
6498	4335
23380	12391
23602	19719
2456	3187
14418	4095
22650	16821
17724	12827
16934	9577
22699	1279
9588	14645
16006	8781
12528	9487
15474	8181
17696	8799
7544	17999
12158	653
17048	12677
8088	2661
16366	1629
5350	18225
19964	20385
21356	5683
2414	8673
22917	19213
14656	12843
23939	8965
326	209
5046	1287
14852	10571
7038	2665
18432	9857
19842	7459
9028	4557
21954	17803
23940	17825
12308	11991
15106	5185
14350	13537
10254	12273
23489	15633
23085	15439
14814	13341
3778	3061
6998	3237
8798	4507
1176	485
13160	5909
19374	14111
15728	11083
23831	19745
3506	649
3702	1211
6544	9061
10174	2969
22014	11063
22164	12261
1850	5573
328	347
19840	3715
15020	14337
5654	7243
19348	4865
6162	3461
9698	3321
10854	6171
17826	6023
18330	11485
23765	19831
18004	20827
17526	3853
21842	12105
24400	1783
21215	16705
4560	13625
24719	17593
2100	1
6832	9231
15604	14445
9038	20435
820	443
1184	689
11398	9135
12624	5751
6252	4799
21790	11915
23204	18839
6346	6957
16562	10841
23176	6693
24801	17857
6464	20991
24817	2333
14460	13973
10100	9647
17732	13321
8614	10029
15842	7607
12050	12903
9042	2795
8520	12975
4020	9093
23761	19819
22404	5935
10876	8601
17962	11455
6980	4329
25286	13933
1918	321
15088	14277
17958	10085
13368	11329
21408	18313
16482	11907
436	159
18146	8195
19418	19297
2548	3995
5064	2043
9844	10247
24578	14825
18108	6905
21198	10423
11574	5609
13248	7279
22155	18037
21418	8843
22872	2597
17666	9231
24475	15605
13534	7533
23906	13891
21236	6217
6282	2799
23721	20127
23251	8251
7612	3031
20930	16573
24408	17211
1202	4317
25400	15815
10472	9765
21884	11991
4736	11663
5092	6259
7530	3727
13214	2841
21812	11881
24257	20317
10486	4215
17452	9231
5452	3757
11678	6391
16022	11343
24051	18299
18216	13903
12244	11479
23516	13901
2462	1293
11788	7443
17040	13827
25323	2709
11932	10495
3002	2341
21775	17803
448	277
21322	14529
2678	6905
11346	14201
14626	9037
58	33
2274	2885
13624	10123
774	1
4104	2231
21809	13419
21123	15195
23541	1783
5826	8701
21652	19459
18852	2333
24364	11191
1074	1
1636	67
5638	13501
21285	16803
9344	4633
450	497
19752	13093
25113	20809
24779	17489
4118	2593
5054	9033
16360	14619
3738	2401
24553	18343
15270	8455
23154	12843
1624	5523
20290	4107
22818	20759
22101	12879
18714	13571
24310	13949
22525	18255
18810	3061
24664	11669
24183	11711
652	125
18234	11799
21217	4107
4830	11965
24150	15307
7430	5699
14332	13891
9792	8159
10320	1361
5070	5033
13460	10967
21190	10473
7134	5523
22850	14911
13284	9661
3950	10123
20250	8455
19308	14531
8064	5475
12938	4139
3652	5857
16386	9467
20466	9241
9606	2941
16854	11369
14298	3069
21367	20549
22356	12749
22882	5163
9786	5379
23653	8787
22378	18547
18608	14705
13576	6837
2760	1429
22719	7451
758	599
16798	9545
1002	20979
2688	1539
19690	12761
8112	6939
312	139
12634	20151
10436	6873
24057	11295
22087	6679
4920	4357
8378	4095
3676	2371
22039	8115
16218	9425
2184	943
1044	379
16092	11445
25239	11631
13808	15065
848	273
22006	6645
6262	3493
14714	8873
16342	11529
21298	17105
2988	813
10970	5361
21337	12927
17146	851
16068	11777
14678	15401
8240	8957
22177	18131
23325	20105
23846	19625
6600	2209
2410	1803
14372	13949
18426	13371
21611	20595
13832	6043
24075	13257
4678	3403
7452	12023
12054	9363
288	357
19504	9073
24234	15967
17752	12857
13820	7333
13002	8545
5516	15057
11064	13949
22862	1405
17564	19223
18478	19693
21430	13399
14510	3785
18322	11957
15278	11573
22639	249
25334	20931
19010	8993
4622	4781
4542	11985
18972	9023
12614	5689
4586	1039
24659	7935
15058	5185
5210	16961
5586	9507
21162	11151
3162	8047
20966	14451
