15076	29783
11538	20325
19388	2123
8374	9985
18436	11793
15316	13059
25610	3755
13536	29695
17586	4163
16512	1243
14658	22747
80	1053
22278	28299
29778	5317
3548	16475
23614	15209
7102	3593
7558	16583
12112	11687
14674	4221
25760	29309
4718	2693
12638	7615
24898	7717
3402	4565
11820	4087
19704	29251
16448	29309
13986	19261
20070	2011
2248	5749
12678	1269
6900	7949
17924	11015
24524	5301
16240	9337
3792	18235
19308	29017
18560	21613
22234	2693
5444	6525
16122	17271
26404	8003
6398	4373
24816	8203
18294	7185
8300	7101
21140	28095
26078	18237
26232	28095
18254	13903
3300	4439
21256	29439
18994	22831
13860	4253
22382	15505
24320	29251
25266	22819
4608	9577
2850	6507
15680	20529
738	921
16554	13437
2124	3577
9274	6555
19410	20085
19816	19537
7920	9753
12622	4349
28788	7499
22802	11701
25416	6643
6720	3021
19310	20063
18320	17743
6672	16275
22676	20839
7280	9405
9924	10705
26356	15715
19760	20163
7586	3639
5254	13027
5802	3351
26422	21629
19134	14145
13006	9529
16722	13481
16532	19003
7784	4847
21630	16063
16896	8171
22166	29309
1668	255
3056	5749
16754	3593
18550	20379
2312	6681
24908	7273
7624	1331
4370	2751
3216	2353
27048	26703
22126	2627
25172	21537
20450	18609
6054	9693
19502	29049
1154	303
27446	16475
10720	7833
7734	6839
29986	15099
23868	2597
19478	2751
27240	29251
24080	16475
14822	14841
11046	4221
4204	4567
14520	7833
13474	9667
21976	7931
27468	29201
11790	19003
19700	29309
334	205
25236	12599
3356	2683
7980	18343
8394	2575
20380	2683
22840	26967
5702	18239
3688	2319
28266	29381
14438	16583
24854	21259
9478	16307
12948	16275
10360	3755
15104	4491
17706	16913
7506	6103
4342	11777
27148	11641
15508	29309
28848	11015
18844	1711
9440	6611
7898	6913
15736	27519
22644	2653
13222	16447
10202	4845
28564	29271
22040	1527
24496	13667
2756	6299
28370	26857
18554	29309
6322	3481
1482	2507
14580	12771
9426	3593
8544	4369
5050	1949
9058	15587
8364	14113
29194	1101
12078	11923
14502	2049
14792	7649
6352	1101
5100	5051
3480	29319
15794	12829
20370	15823
10552	22181
1428	5749
22878	13787
16142	29251
26048	27193
15526	26861
10290	6885
15786	6085
22516	15279
25184	2077
18652	19537
5468	6531
12470	3673
6088	19859
12346	5321
4968	8609
11854	4087
16770	20883
18190	13879
3510	4675
27800	18215
15510	3813
17550	15331
3346	2683
23212	29259
9586	1787
28938	17481
11272	7801
29482	21819
23382	20967
12308	19359
8802	12985
12476	8015
23396	7293
13428	6849
1174	633
12510	9403
23224	20927
12386	13359
8440	29011
3358	1729
14896	22821
1470	993
1178	1523
1188	12573
11736	10717
20808	25069
6822	20377
11688	20383
25594	469
10208	8693
19650	29071
27908	27577
8732	16393
3528	3309
14182	13997
6614	3169
17684	18047
16068	10189
3658	2487
10100	13643
3230	5007
17010	22519
3692	889
3984	6309
25490	5669
19770	6723
10716	9875
23318	20947
19428	17261
20796	20483
19238	7911
12230	20679
1162	1945
29458	16475
11824	4163
22952	6897
10884	2319
12684	7449
14222	1029
19320	29021
16978	4031
26018	7965
9294	13593
26326	29251
13368	4065
17774	1495
28876	16207
18516	10431
12312	11551
28536	17703
24258	10467
7050	4065
29640	29879
29610	21583
7782	2695
17350	21061
27872	29227
11588	13023
15164	5591
7144	6579
24272	21073
7900	8609
18972	709
26504	28291
8322	15587
17658	19963
15664	13205
13500	1113
11922	2683
15084	5073
22742	29251
19568	19203
4522	1657
28624	28971
13502	6139
4284	21777
7060	5997
13070	10461
10704	7809
10438	7671
22894	27931
10784	21661
10088	21117
16846	13527
8734	7397
7878	1729
20848	11321
21034	28365
1606	1859
9778	857
16894	6099
3550	795
15556	16447
27368	7483
17248	2959
2598	303
18756	11817
5860	10751
9614	5683
20898	2011
21668	26537
25662	7273
3530	469
5696	18435
11838	3551
24250	29271
4098	8627
2500	1095
9894	19599
3220	1143
11030	8443
16556	11761
15276	5107
3122	6923
10374	10927
23414	29271
8054	3745
16438	29251
5088	20109
24312	9585
10762	8311
6328	4253
24016	2597
24850	20771
21468	12435
22004	26113
27688	9009
25552	15587
14054	2683
22306	10555
18118	15095
27086	10611
16024	29003
23824	18953
27936	15303
11506	7671
29446	17681
17506	13669
22168	8885
3808	2253
12048	9217
7258	16839
10196	1819
8046	3463
8720	5279
9328	20661
13126	29561
23532	29251
12298	6139
29332	3785
20826	2959
3012	4751
25584	21469
16012	10489
24764	18911
8782	8171
28692	7661
7386	1405
2142	6753
13556	29011
18268	21499
26596	29251
21372	13237
9278	20641
9408	13321
26380	6175
20908	29309
26038	29251
24008	28365
5962	4253
316	301
16508	7151
20072	4253
914	603
14460	19889
24900	7483
54	103
2328	3059
6138	6939
1316	5355
7424	29497
20406	2445
7074	6549
6532	12803
624	409
27004	18843
15574	28969
4904	5561
10120	1749
23326	29309
1746	5749
8190	7059
8372	9983
12032	20585
12820	9489
21710	7483
4908	6111
11256	15003
490	475
11892	7881
14208	21641
4076	8971
3234	1447
22062	29491
25180	21537
24992	29271
29090	18835
20316	5357
15466	12069
28586	20917
17730	15555
6338	9917
13346	15865
28786	2933
26974	15477
24384	29665
27156	19199
9850	2751
13360	9641
3936	5503
8280	19003
1456	911
14424	14307
20572	21835
27698	5107
29330	11109
8194	7065
29542	10261
7162	9317
9536	9373
3200	2553
9790	3131
8290	4253
238	163
11158	5139
24658	29251
11938	22831
20496	20821
25240	18743
27246	11103
7988	3889
29704	11321
18574	16129
8314	4253
29136	15477
28922	13785
28064	20821
17710	12479
22956	6035
6810	7671
17942	15865
22218	8737
13940	6611
10008	12763
4330	17769
13058	2357
6176	5607
21148	29251
14400	2959
5362	7415
19906	29271
17566	18953
4828	4163
25296	27515
20080	15477
18802	2175
6470	5023
8464	8209
4844	2333
18470	29309
25622	22831
23370	29309
2326	13019
1896	1451
23054	12289
10694	5749
23596	20973
25824	8001
8238	3745
28358	20771
9906	11863
15938	14885
25834	29309
9834	11777
9118	22181
3926	8601
14600	12775
28106	27779
17720	12465
14138	19473
21690	27313
16610	15587
29322	21835
5210	13785
6488	18651
14510	11101
24526	21173
11140	20091
9184	29273
17962	19199
500	227
5048	6273
22240	3825
184	357
25188	29439
4276	4611
15926	3585
5012	3511
110	57
28920	16149
10608	19003
4004	2113
1050	879
20590	26703
29548	4217
26188	29665
4374	9339
4708	3681
4892	21551
23478	14503
2472	6505
10700	7833
15362	13087
11056	18237
26842	7561
11360	11343
18260	15865
25148	19439
262	409
3774	1551
21118	28095
28598	18237
11296	24719
15444	18237
2032	1613
102	1101
9378	9319
3348	20311
7544	22831
8318	14555
11578	2683
11480	8311
16408	8015
810	855
20414	10685
16616	8617
7472	1451
10582	1377
28718	29309
4466	1007
14650	8215
27518	3559
29270	19627
1592	303
20842	29251
14966	7805
19306	10315
3950	17419
25638	16275
7970	14927
14950	19003
17722	27005
880	6339
14186	7037
21570	29251
25350	7625
11500	11687
20342	2683
26276	1657
4672	2561
27170	29271
26518	12733
27114	20379
24050	17293
19892	29251
22944	29309
9286	10219
27844	16031
23696	7643
21388	16515
22906	28095
15932	6933
12632	19959
6324	2077
14146	7007
13114	21011
6616	4441
29370	15865
18866	18953
13124	7743
8308	9973
1656	1623
5994	4205
29872	13951
12130	15633
12786	19831
19136	21821
21636	29309
21620	20639
14696	7949
21998	2751
26902	22747
26700	17871
10168	2325
6476	4065
13760	11101
12586	15865
20364	4867
19752	15209
8574	10373
13214	2253
13744	17593
16454	3917
21246	24061
16588	8183
14150	2627
1260	303
23444	10427
18302	5897
18954	25437
25562	403
18904	7583
24304	21105
19968	8215
19994	7499
2304	10373
12288	29371
18096	17567
412	1615
23584	10587
9640	15865
19730	29251
16884	11611
6126	4885
9990	469
28968	29501
12146	18237
26972	12279
15130	7919
12588	19517
4726	1451
15972	28913
16150	24637
2292	3637
24498	15299
22968	17107
13184	13629
19464	12813
7718	6829
2112	1511
5432	1431
766	303
12358	14255
16728	29491
36	11
27216	29251
10118	6103
6826	2125
10882	2109
28010	27497
26598	7251
26204	28245
4912	469
10190	21337
10458	29011
26942	29251
24528	25437
24548	22577
28830	1451
15312	2683
17734	7499
13076	1113
6800	1425
16172	20697
740	6879
18808	21703
16964	14661
12552	7643
17210	23221
8602	29083
6152	21395
27406	7149
10840	7085
134	65
29938	5229
15384	12497
20730	20821
11328	14951
398	169
1124	1915
192	1
18966	25175
4188	4253
25046	29697
26978	21721
10306	25175
8474	22277
12396	15299
28860	11649
23676	15477
12116	1425
17596	1817
1156	755
9082	10655
12540	6013
3644	849
26352	7565
13590	19859
3038	5069
15246	3085
7202	5279
9046	6475
20386	9047
9842	5669
13822	3987
22176	29501
24142	7743
27876	29229
12202	4653
5542	10821
15704	11889
10586	16679
29650	12411
24598	18953
28454	7473
14724	2251
18270	13905
20812	18931
21210	29251
28578	22599
5484	7007
26748	15209
10074	9543
15418	6131
29882	23705
8902	1269
12998	5577
22502	29251
6936	13185
2536	2453
1170	8737
20006	29251
8344	9977
22640	20829
17668	19565
9982	2597
7796	8609
29884	29939
17816	7415
4438	18731
4308	4621
16376	11757
9710	1729
18258	15865
9374	6035
20208	4201
29574	22599
7932	1377
24568	28365
12352	15299
14324	19963
10034	4369
16668	3813
2732	12097
6766	9033
2644	1413
13072	7553
26534	29251
9646	14885
3332	1883
21876	3003
10140	10855
17872	5331
14008	29309
6728	2683
7662	21135
4788	6923
6160	13851
19866	15101
4640	1937
5346	6469
24286	21087
16718	9441
3388	5301
11472	8987
17908	11687
6730	12981
25038	24015
27070	14079
11520	7881
28600	3593
6004	13707
4924	3477
8210	7931
29838	10347
940	535
12000	16307
19218	14885
28666	1007
4626	4777
14032	14927
9276	6557
23088	29887
24830	23395
14552	14163
7938	10865
8304	21755
16032	13287
27568	17653
22656	29963
27894	12495
14430	1495
14414	14075
28476	11599
18598	24293
13602	8737
26448	7369
5458	10431
25644	14399
8456	10041
27002	18547
25542	13593
27384	14137
6274	1833
20738	22831
24240	18059
29614	25119
18500	18569
17726	21251
13734	2683
2786	589
29350	16023
16986	17291
318	397
19748	20821
8982	14307
14344	18343
2208	1243
26910	21701
3504	2443
28372	29089
5486	913
17492	20837
328	1193
7902	6917
19528	29057
24438	13593
9052	6099
23198	7185
26892	29271
10952	17293
20416	11715
28684	26105
3910	2559
15432	20435
25314	11889
1120	4087
20044	1391
13906	11711
6516	7155
17554	19199
22484	19093
8154	7031
1670	797
2394	515
20680	20445
764	409
22490	22747
348	57
20250	17609
12084	13267
3400	6487
19830	28495
2444	11593
8096	18757
20000	22043
17384	5069
8136	795
26036	29719
2568	689
16074	18239
20228	7911
4822	4253
6472	3523
7326	5279
19956	2597
20008	9391
28748	20981
14852	11757
23406	29271
21950	26611
28456	7377
16008	18163
18776	21723
11324	5669
2712	889
27824	20861
9660	5539
25366	10753
17778	15715
21822	29251
1030	747
8000	4839
3118	4583
13332	16637
18418	10339
28238	29309
24936	10347
5172	4465
19190	28299
12306	16477
8452	8837
18250	22695
15592	11729
26516	29251
2740	3505
18828	6173
16472	24649
4500	3347
27802	20821
7080	9255
1988	481
16976	29201
15294	2255
5286	2683
9770	6729
5870	3061
5924	4797
3120	17865
13130	973
15788	16475
24716	9653
8770	12955
9266	2091
17226	14503
7350	795
14904	15263
15904	2445
2294	653
28440	20379
6518	4123
16204	20723
4180	7853
9786	19203
27178	19199
8646	7007
17178	16851
19764	28365
1126	3661
6726	1729
27950	25229
19878	29271
23470	5461
27668	29125
504	1161
7702	4753
14390	5347
18344	7369
12808	1405
7160	4253
1196	181
25160	28095
18124	15587
17008	28573
3652	793
24414	25069
8	23
15640	20515
13306	13677
28388	28317
18860	29309
28900	19141
17290	4787
18140	15959
15416	745
26102	5535
11454	2683
874	1657
27328	10855
22700	5201
21028	29271
26302	8215
7192	10159
15966	9737
24696	29185
26962	11101
29406	11511
17680	16701
19822	19255
25950	857
27278	12763
11872	4569
4108	12423
6978	19769
2660	889
14262	2179
3062	4255
352	345
13220	21337
8714	6385
2824	5749
12886	10709
26694	15721
2622	523
15160	6167
22688	21253
29356	20379
24234	21275
18878	23073
28532	17767
12768	8931
19200	10347
28996	21127
24746	21229
8760	12949
25784	21513
18830	21711
792	31
2	1
24500	9629
29012	17711
1812	6791
23348	29251
18748	14047
5224	2683
16302	12581
8312	14255
14814	29251
12978	15267
5614	2751
3016	1729
2262	1183
16676	29251
10598	2813
4408	1405
16864	3829
1102	303
27190	10553
11616	2109
12428	13373
25500	15477
7212	13351
11598	3437
10772	2011
14982	12905
12548	19199
22984	20857
14540	8931
26660	16461
18196	18343
20474	17927
1556	481
14886	3121
26076	18953
15180	10431
16054	7833
8356	22831
17378	8627
17598	2333
28948	3597
15654	19199
23948	1551
11800	18237
3818	2535
434	1549
29312	29609
26328	19093
28812	3813
12940	18747
5978	1749
15028	15823
9044	5105
28274	24637
4090	4487
18424	5871
1888	1875
7094	13277
12262	9311
10834	7083
10502	4901
17218	16831
11564	10449
11336	20183
2762	3143
2050	6891
18128	19813
21398	12763
20972	21403
3126	5863
15712	2877
1628	8737
3700	1775
22074	11875
16820	4211
20252	10969
13648	4253
662	61
7754	16275
6320	4583
28954	26245
20922	20379
2900	1425
28682	24715
21606	18239
28080	17221
12394	16275
6244	12755
1862	1247
4046	2601
1366	5749
17786	1169
22722	5155
27098	5413
4082	1729
23938	15209
15136	12991
16634	19203
19098	7661
28918	28133
15414	7583
25000	29251
8124	4169
5522	10919
12026	7661
17716	2357
2996	4741
14242	12497
18706	15477
22536	20861
340	243
17954	17081
14382	11679
7788	6861
18412	11337
28762	1853
8702	15587
25830	27405
17516	22729
25438	3797
5116	10269
26514	26225
2600	1107
27666	18445
3778	4253
1422	1451
2804	6401
170	289
862	2091
9262	13593
29556	4257
20244	11119
18174	29665
780	853
22288	10853
5730	11671
22816	29271
17802	10429
11184	1495
3436	4593
3728	1349
20350	9047
25618	10541
24888	21273
24112	17829
12584	1277
27532	11771
27650	23373
27516	29011
25978	29271
1136	1103
2018	1539
24542	14747
9740	4725
24730	19089
12484	4253
18714	29099
4920	4253
7948	3755
10690	7025
7600	4783
3886	14045
13848	7377
4300	9225
22978	9431
20136	12939
9336	5485
7216	4253
8064	2683
12758	9469
11068	12227
22316	16645
26872	2897
12762	20907
6528	6933
16952	28769
18044	24845
12508	10289
16858	3813
26858	15477
16592	10853
15810	18747
24804	29309
25520	26883
12570	22729
28280	23923
24366	25117
24022	2597
8612	19659
19580	18795
25624	21477
2390	2087
11984	14465
4422	4163
11104	18237
7828	4863
3408	1035
14298	19159
26230	10521
42	21
7208	7137
8762	2049
29200	8443
18242	21485
29394	28145
25982	25315
16734	4173
16278	18093
17040	2597
4542	1479
9664	7311
2846	143
10708	6633
19466	4163
23392	20045
3110	9673
18136	18239
16178	26465
23612	19831
5848	13569
21990	20703
4354	4163
6572	20127
13258	13651
26118	6085
14304	19831
14232	8627
12746	9463
16528	857
21176	29251
9288	4633
11118	9177
3378	2413
20706	5759
19372	20073
22070	20725
8690	20221
7672	23279
27838	4331
194	1163
22946	7583
12342	19203
25476	7245
24780	6173
9584	2229
14898	12875
23216	26231
15168	2683
7150	2975
972	5863
15314	3437
14694	3559
1718	289
19950	1007
24072	17699
27486	18767
18762	26703
25564	15055
25300	18093
26710	29309
6598	6333
20334	20349
12056	469
17992	13797
2854	1261
3270	2369
18440	13967
1392	1091
3066	3375
1638	1775
10774	3755
1632	3095
4714	4843
1582	3299
22704	17419
19296	21925
22034	16447
13670	13801
17086	11337
11444	11147
9892	16275
10900	19203
27068	23785
26416	29251
5014	3513
16106	25131
7614	15505
13790	6611
28516	17811
3002	3341
20150	7919
8378	8481
28524	1457
25822	5561
9550	7285
7452	4007
3938	1493
23170	29501
7066	6539
13764	19959
12578	7787
10874	2357
6886	9119
5102	6313
8620	4253
14536	21835
27250	21769
28074	29287
4146	6435
290	303
25324	29665
22012	8061
27470	20379
5278	9045
14180	9881
18000	13809
6876	3229
978	1521
12620	6253
2816	3215
18542	13983
24152	29565
1400	589
2528	5565
16286	24779
15232	9021
3032	469
10230	6857
6902	9127
25692	29783
16202	5645
8804	12599
3758	2011
29928	29005
17042	11757
14322	2333
11218	8573
27460	8931
13820	10687
25512	22379
15646	11267
19820	20177
11612	11179
3988	12833
17230	16439
24926	10705
20476	29309
25496	14927
29902	16275
12142	7805
24922	10325
24336	5821
3254	1551
7954	6951
14888	29089
3428	9167
10626	7005
14684	10853
23784	20821
2410	1775
26072	18953
4068	4065
15524	12543
25738	12195
9270	19203
9930	19755
18026	3551
23372	29251
15040	7979
27992	23379
7392	6173
15142	17153
1660	815
28348	16647
2862	10723
3072	1935
9632	13445
18974	16475
13366	13447
21712	7583
4114	3199
24892	10261
6736	3195
6684	1729
10376	9741
2966	2459
1466	3877
22832	16617
29998	29949
27484	20097
27746	2959
10232	7749
3564	8245
4730	1617
9776	4331
12628	2597
19838	22101
23258	19761
21116	28095
4060	2077
14398	9957
29634	14859
5448	1729
2924	143
14572	18237
22440	10013
15854	29279
23132	29271
3064	3745
6358	9935
1510	6753
18730	14029
25348	29665
21182	29251
24918	21279
4038	5355
28836	15061
16852	14727
6734	3639
25140	6935
2992	3505
2016	303
28402	29271
14042	18237
25250	19621
20472	24117
12760	9471
22426	3121
29280	2597
270	37
14782	18047
24578	29271
26702	19785
23480	29487
14802	22277
16086	13303
10050	29579
830	505
20664	14173
20172	3829
23886	11217
18824	7007
22064	15099
8182	9911
7958	2579
25244	18743
7822	19199
9570	3639
15042	12929
18946	14089
20510	13079
17376	14017
11172	20101
28898	10705
29834	20379
5096	2379
8166	9889
2074	6023
1364	2325
21006	25315
1640	911
10642	10347
13972	2633
4468	4721
4104	3193
29198	24419
3124	1949
25658	4331
7096	13851
6030	1495
10546	2899
1846	12465
17358	10541
19018	18617
3342	1257
872	5355
8900	2125
3134	3423
1682	7971
22374	7311
14256	5819
21146	28095
14128	29309
29334	1551
12280	1729
10070	5407
4418	1451
6226	4253
27726	8171
17488	10013
29398	3949
3148	15883
21168	28095
20488	21537
22250	14927
21604	4103
4922	4301
4748	6863
25896	10173
18324	13933
22200	11889
16608	10705
5234	3845
6490	10867
16732	28095
8144	1657
20206	11687
8974	22831
28482	14937
15876	20599
1236	359
27224	29251
23046	20869
8240	11999
5040	1097
23178	24649
12626	2597
19900	20771
14668	7911
3828	13963
25238	18123
17776	28061
6000	11715
9172	18955
5208	5919
19240	6085
19004	3813
22304	29251
6892	7415
21024	21403
19612	26967
26286	29861
4488	1533
11002	3889
24208	28495
27990	11561
8578	8903
29390	8677
27108	24711
3850	5499
5686	7007
18052	11227
3566	469
29442	29803
26486	29271
24070	1243
26954	21713
8484	3937
14194	1425
2060	795
4394	3921
19170	29665
15620	18617
7858	8737
16890	11179
26032	22821
13172	1635
28654	16669
8450	3131
5726	4077
27360	27717
23852	15865
4396	7499
15290	6429
22390	14165
24948	27003
7132	17769
20020	10467
19486	18255
20762	13861
18726	26845
868	2905
18716	10887
22766	28839
6718	18207
6582	10013
9212	2633
5416	19959
9774	7261
9388	6593
20102	20257
13328	15633
5368	4559
618	439
3790	4927
23168	20907
8626	12885
18420	8573
5238	6405
25570	29783
16828	29271
26538	19093
2274	2215
17890	13753
1976	1041
96	253
2936	3345
9870	3703
27294	12533
22308	17717
12674	2959
18962	4253
22608	19859
22760	15587
25342	8215
18998	1495
11566	14361
13938	4369
15700	29251
10950	14927
8082	4079
12972	17293
5818	2871
532	8577
3704	8061
22344	28095
29934	10513
8768	11925
12920	11417
8940	2751
8774	7415
10322	3755
24976	22747
14986	16031
28226	29309
28128	20821
18102	29251
5560	4253
24824	3577
5122	2683
21472	4191
25734	28095
1588	13019
24474	22747
20062	16627
14972	6173
29086	8931
23184	29251
25646	7251
17194	26785
12580	17293
28384	24151
29314	7377
23914	11015
2872	3253
10962	6255
28216	20693
12942	18747
9428	5551
8388	9993
3042	5753
19908	29103
28930	10789
21454	19959
26092	11765
24708	21219
778	1493
12442	11513
22614	29665
11656	5107
23756	15861
21518	18051
3418	3845
12282	19199
26866	25957
11400	3829
19390	19859
15856	5871
12194	22181
22696	10619
28638	19737
674	643
9724	6709
26846	21685
26692	29309
9730	9443
24134	29309
17282	29259
7312	23073
5980	1163
1332	1001
18724	12579
11242	8571
24690	26703
1140	3323
20170	11227
15350	11889
20684	27931
10188	4253
10064	9583
17724	15209
9642	29469
27954	12797
8624	6347
19186	29005
21698	29325
24300	21101
2868	3733
15300	29167
8616	8927
27704	7185
24188	29309
21758	29309
27734	13589
4538	3629
9996	857
21536	29307
27904	20499
26146	14587
3782	1451
3514	4689
3952	4231
24294	21095
17034	15279
16662	22831
28956	29271
14408	16439
10338	8737
22358	20781
21890	20685
16506	15633
18504	19289
18160	22747
21642	20643
8462	4221
19766	14951
9316	4839
28856	5871
21902	2311
26994	1405
17972	7415
11490	2683
8256	14057
18422	1319
628	501
856	385
17822	25117
62	7
18980	17699
2188	3595
19862	27937
22204	10865
17888	6935
9738	7483
17422	21133
20714	29285
16948	11611
7596	1729
2090	1749
10318	13433
27456	20379
19298	18733
16148	11597
6378	10287
23568	10289
19814	17481
4228	4577
7362	19469
15758	29251
11956	11671
11148	7949
18028	15299
16650	5831
12294	7397
15060	29127
24998	21293
19542	19229
2708	4965
4266	2319
23150	27005
4956	4985
2818	4527
24376	29309
21944	14555
5338	8521
17752	2683
672	2905
9042	469
20266	7359
730	1931
570	619
4678	3393
7454	19203
10980	11777
7036	469
27316	24275
2122	4087
12286	3293
6260	3469
28038	17125
24902	5937
5374	1425
29096	19737
14686	11693
14870	20173
25912	21529
4758	1101
26304	19959
16382	28061
25698	29251
24204	19959
19408	29665
22354	15279
11138	29309
28142	26615
26034	29439
13488	10261
20240	7187
24200	16475
5488	913
14254	8443
17336	27913
12340	16475
23506	17927
5556	4649
13398	7177
21898	16307
23982	20995
28950	25989
12124	20633
9804	8399
13320	7289
16370	14647
1292	29073
28406	26903
8088	4253
10300	9697
8520	8757
29084	3931
11278	12857
1610	1941
5232	3197
14970	20205
23384	20957
9608	469
14716	12821
14830	28795
13794	9781
29544	10641
242	157
27786	11889
11544	3881
7930	16275
19652	18181
26578	29901
5936	17293
10268	6871
29598	19959
26020	20379
11434	4065
28850	27779
22684	28095
3370	7949
27762	29439
7366	8311
8512	11947
15430	6113
19794	29085
10024	9557
16792	13493
27546	29063
19834	20821
28228	20379
5882	1657
14978	1729
10178	12175
22454	7661
366	205
20434	23057
8536	4423
21904	12349
9138	12217
14352	3415
10014	6769
2162	2125
25134	15587
16520	12763
1780	1657
22432	9041
13004	2357
10254	11501
23874	15865
28704	19203
28	1
12378	21723
25098	26205
4716	6851
11728	19599
15086	13593
16614	29251
638	875
6462	10003
13138	13595
10556	7139
27426	15303
19264	17927
3392	6099
14480	7483
4696	6831
8362	3507
3288	4425
17674	19959
12860	17767
7142	15959
18216	18343
10572	6987
11110	12793
15372	15497
23830	8061
24782	11015
16394	16475
11996	20567
28724	13553
26166	18687
27608	29665
19048	11599
6034	1169
27996	20821
24838	19319
3914	3829
18848	28455
29202	18029
9908	18237
23810	1493
7620	4275
3412	1729
22402	21279
19096	21801
13062	1121
14574	15715
19840	11743
6522	3755
12604	1169
10728	11671
5202	2253
8976	4133
12022	5669
29040	11003
28380	29309
19912	29309
11592	13025
12392	8311
27282	10853
18272	26703
20166	4065
29046	22831
23464	8339
8236	9939
20598	19967
9994	14927
18054	15445
18154	13871
15538	17637
26542	29309
23484	28769
22960	14609
5784	3103
3780	8097
16626	24737
19044	7275
22666	4221
19304	14617
16266	14967
22276	745
7230	3223
4610	3377
2298	1051
8958	4525
21430	29309
11924	4585
9884	15209
10918	17081
20902	8097
16456	14305
13692	21369
5954	4817
22568	20815
1516	9887
2376	303
24302	21103
23038	8443
9430	2447
10710	21593
14	25
230	201
28720	29529
20	29
23818	17865
13514	23955
8384	857
928	2899
6096	2683
29344	21623
11620	7415
8380	7919
29388	29473
1184	2095
13708	18237
9678	7415
9170	19531
10814	3085
27938	21537
19856	1729
17066	18059
2126	6301
8234	4983
20804	17187
26684	19967
8348	4655
13694	1819
15992	15201
22648	2749
25452	29251
29936	26647
19550	17293
24890	10853
6744	15267
3656	5373
26774	8393
2746	21537
8460	7273
8350	3829
16328	13009
14076	28909
25054	18047
5504	16275
29020	18233
20828	13087
21048	18093
22600	9041
5864	3361
17922	15587
7964	25359
12322	9335
13752	9767
8930	9043
15114	12973
12374	1269
8110	7013
22498	29309
5754	4723
27818	19159
19034	10619
19740	28365
18658	20917
8030	25175
17498	7273
15380	12591
3102	9657
6288	7029
20354	20357
6420	7105
9324	1437
22966	20853
10280	3981
29756	29011
11652	10937
28248	19959
6210	4915
19792	11121
21190	29251
21918	7583
12574	20841
1566	3281
1322	849
138	185
24174	18609
11896	23639
20986	15279
16602	13451
3238	7331
24166	11037
2830	481
16738	3969
15790	4939
24588	7735
22728	7671
1918	645
20820	10855
10200	19565
29092	21623
12486	2751
24648	21403
11470	3085
7826	6897
2806	13009
8588	10261
25024	21307
128	127
10844	9943
23094	29309
4290	13019
13658	14533
8954	7911
16460	20045
2614	4785
22908	24649
10910	3499
20624	2959
22544	29441
6842	5267
13680	14635
11572	2683
202	1035
2276	2841
21674	1495
24100	11561
8212	4979
1532	3183
23490	17767
22386	10311
3972	4065
10922	7007
5028	2575
25012	7273
8778	12965
24618	29635
23554	29251
26368	12601
28250	18947
13294	3829
29814	14967
13564	21537
28468	29665
23096	28341
480	499
26002	21537
9600	7717
18600	14009
29656	29309
5162	2783
27642	23813
29418	19447
8586	27931
19870	29309
2946	879
24068	26231
26388	7273
16120	12763
7758	6023
13278	10431
17234	19089
14308	15959
19070	3881
10880	10163
16942	25691
12936	11777
24028	8215
256	251
1750	6559
19508	22831
28198	7483
26744	23007
19824	11757
9932	17009
27586	11201
21600	20821
15172	3085
7638	21407
7844	1729
10732	4957
1138	469
22120	28365
19146	14155
12222	2627
10828	4255
3908	1985
13684	9755
1848	3095
24408	9605
1552	273
16132	19203
20448	15887
11670	20367
28952	14451
4008	3159
24124	8073
16082	7289
15552	12763
25192	14741
13134	4221
3760	1729
6788	3669
7056	3755
28676	2653
20482	22245
6986	1657
15146	12995
18794	15209
118	77
7502	16275
25424	29665
20806	7483
2896	2555
11748	10887
10600	18181
12158	16475
3158	1143
9686	1923
12292	20709
25940	29917
25502	12995
20890	13195
25294	28769
6362	4981
12672	9427
18116	29251
882	517
5086	4405
26570	29251
20564	17453
60	37
18738	5501
3750	1957
19114	22923
20168	20293
26164	29849
6400	1541
2860	1581
25902	22747
19632	29067
4078	8979
22284	29421
7274	12581
14584	29003
2588	1775
25690	29309
4648	1859
23668	21835
200	253
18908	21741
10512	13877
8546	12847
25150	20379
16208	12599
1404	7387
24858	21261
21042	10427
542	1701
6760	4501
27514	29047
13484	21275
1256	1001
7722	1307
9494	13371
6448	1447
17504	29309
9158	11475
26938	16475
21582	7273
68	99
21816	28525
3832	1577
25936	7369
16780	4049
19712	12379
24672	19463
7266	6665
2608	469
6072	5629
20702	21835
5902	1729
14004	22301
26808	29923
16350	23073
24818	27179
12774	1451
29746	7285
19248	14527
11010	14131
15540	4373
28882	14721
4208	20491
1568	645
1548	13107
9292	4065
9594	6677
3496	2317
6882	19703
10310	14927
20944	18035
13168	12065
11862	23729
4816	3451
28560	21835
2550	217
18656	19473
16216	15587
18698	29251
17666	21535
22702	10853
11154	2311
6366	535
16562	15209
17030	15861
4596	7185
26680	11321
2722	313
15676	7553
10570	15051
1924	1095
21676	18645
18474	27983
11668	8627
12694	16275
7396	21337
11380	8947
11230	29059
13144	9565
5228	3457
9508	2633
17448	28901
22300	26967
15070	8985
3954	4377
8636	22801
10038	13603
3534	469
27808	18231
6510	1783
15602	23987
22518	25123
14114	3639
1938	1443
24522	7561
9240	9249
11860	13161
19604	3813
9134	18239
5144	4253
5146	4455
1276	973
15930	9259
19842	7273
20036	20235
4344	3287
13460	14885
29072	29309
7104	18645
18564	13995
5718	1451
11950	13213
6588	17293
9192	8601
13650	21337
104	91
16826	20921
23340	20953
15560	13175
12822	16275
25934	26205
22150	29251
8072	11599
24344	5907
3350	3191
11920	7949
14476	21773
13874	29779
24560	29251
25992	23641
1626	8737
19596	10273
22172	22849
19300	27931
20174	2683
11042	8131
19380	19369
18710	14021
10276	13729
4056	6365
11048	14285
28596	15535
14454	14885
25616	28145
24718	10195
29082	14517
28152	18687
12094	5407
18490	2683
2782	4253
8850	9011
24880	28365
21178	28095
19918	20195
4980	3117
22216	24821
15934	29311
7436	2471
24	109
18812	16275
302	83
886	695
4016	3163
6828	3085
27870	1527
29144	29665
5764	1373
21272	18233
26244	29271
6220	1729
6200	15587
27636	16719
22106	29271
14902	7359
19718	2357
26616	11321
20962	29665
22020	14199
1176	1019
11908	12155
23778	15587
21738	29335
5324	18953
8476	20093
27046	21751
29204	29691
25126	20043
6392	7483
4012	6329
19198	29271
18198	16611
26090	10261
26560	29271
24164	18237
18456	2091
4902	1451
16840	3931
268	559
14524	21337
16566	20835
1940	2095
1026	1245
11934	5347
6430	16475
28810	28365
9568	6661
5318	2409
8984	10273
2324	505
22636	27185
29696	20907
6546	6307
3992	8879
9076	20461
23202	3593
4508	19089
2612	1749
26874	19831
15460	795
2556	2095
3218	13561
24060	28495
9450	3629
980	2091
2452	5749
5554	2179
12732	10163
2152	13019
24468	29271
5348	7949
8662	8097
27120	7743
16378	15209
16480	16913
3558	1495
13032	11067
19696	29309
28124	8215
23430	19761
25770	19083
3706	9829
9110	7415
16830	9483
2520	7837
28176	5819
13074	3597
25242	18123
11990	7007
2760	747
22882	17277
13504	1451
12594	3697
21824	14299
18274	29251
3572	6077
12666	16637
8172	9899
21310	18413
11354	12893
17560	19959
28508	29459
4054	2109
18336	1929
23274	12365
1618	469
2070	505
6906	10633
12168	3639
24370	21129
10296	21301
16642	19199
19818	18301
12228	11497
22602	15883
22942	29251
240	59
19156	7743
18968	19203
19560	20133
29484	21715
23206	29509
19664	29251
2882	1583
10788	12493
13414	24339
16624	19203
19416	10979
3222	3073
1150	941
25368	13827
1142	553
3312	2049
21834	24719
29230	22741
3198	26857
7124	10013
29400	22831
8302	4591
17048	19003
24956	20035
13002	1787
12132	22181
20640	10433
19224	16637
9484	6631
2044	9677
626	12573
4322	4623
21800	17125
26280	18035
6910	821
7712	3681
28828	29917
23450	1669
7398	18953
26790	28909
29886	24675
28806	2897
24482	19473
6466	3521
23358	22785
21870	28095
15364	27575
3228	7099
4122	1745
14356	6315
26472	15279
9816	11915
17768	5933
3224	1853
5502	18343
20930	29251
13534	8627
26760	29251
582	885
8526	3823
1754	12755
1286	3079
4774	8737
4070	1269
25394	29251
1958	689
24564	14719
2392	2699
29968	25721
10324	2633
1504	739
23344	6739
1312	1651
21196	28095
2674	13883
7234	16733
26124	29309
20984	29251
9030	9111
28796	10259
9304	18301
20850	12543
5920	1451
24442	19003
17096	8061
20736	19203
14160	19473
6750	18121
21680	14321
2698	3095
21734	20653
18890	6085
19590	29665
13614	6357
7184	20713
21774	29251
1804	855
18360	29251
16222	9615
13010	10705
25642	25053
21352	16275
29348	25131
13998	1377
13538	7439
2338	3465
572	1971
7122	6567
20868	20503
13768	4895
18046	1257
6568	2333
7804	18181
11136	22797
11532	12423
20682	4221
12934	11255
26522	29251
27804	11477
26228	4253
21646	28095
13924	12697
9066	22105
15064	2751
29750	29439
22340	11875
11692	11793
22990	16689
29292	8215
23162	20897
4736	19199
29578	12501
22214	21723
16424	13403
5460	7919
3136	2587
13080	17293
23502	27179
4916	21591
16764	13487
2506	849
14662	8845
16928	19761
13418	18953
7650	7449
7914	14885
5284	6425
24724	8609
2486	1333
19896	20191
16468	17699
28320	8931
8170	7041
23200	24293
18356	14517
6306	29875
4126	3205
15906	9245
8844	8627
1902	1327
9610	6679
26288	17717
23188	2899
998	523
18226	8311
3490	7949
19728	18093
8600	8917
11900	9159
9010	13105
17654	5473
19462	11571
20400	20371
1230	597
1412	1885
7640	4253
15710	15715
3562	2833
6674	8967
444	547
3010	6741
10370	6911
11952	10705
16052	29343
6140	6941
16786	28769
11584	5535
21152	28095
27448	12311
6928	4253
28778	15303
22618	11889
3452	481
26394	3981
5808	7433
29450	10427
22782	1405
3438	3251
8134	535
25792	19469
29514	15267
13012	12175
28702	29309
22418	29271
17228	29665
18944	14087
23992	18901
8414	5539
18820	29251
9018	13115
14116	7027
28862	2933
14528	14153
28680	29271
11622	9025
7188	9331
29358	11015
3618	1169
26278	1277
4754	645
13256	10013
11974	22719
15598	8457
17084	4221
8630	5759
14028	21535
5456	8151
168	107
13756	13843
9634	19859
6216	18255
2808	3639
24126	20379
12876	18955
25650	29309
21160	28095
20654	17327
19144	16489
21724	29309
11378	20207
24378	10261
7488	8131
20436	20391
20630	9105
5892	2485
28846	16913
18068	14937
13050	7833
29712	12495
25414	29759
5222	7919
23282	7007
23838	29251
14774	19203
26402	29271
13042	1551
484	5749
16206	13327
720	143
17578	4253
5464	1775
24664	29643
26820	21763
4540	787
21354	27517
27370	20771
23442	26967
16162	16275
4294	1773
9756	20911
2990	20915
28054	3813
2580	14729
3434	5067
16688	20861
21842	17751
22226	18649
8650	6357
11518	9003
5584	6585
13568	6895
5194	4477
6858	13091
10398	8931
28066	29281
5782	9485
7676	18741
13416	8481
15612	15209
23386	29251
258	425
16568	20837
6318	7045
588	517
8246	12621
1538	13035
4312	6547
25362	14679
1714	3085
25918	22831
10750	9907
14068	9851
3768	8577
10372	28365
15174	10619
26272	21579
2914	3645
5438	6519
16268	29403
15048	2683
13622	29501
11608	8343
19848	29271
8346	21591
17078	12003
15658	18239
8004	15157
19686	27209
5296	3085
15356	6449
24036	951
6574	6319
17830	21299
28016	1769
26432	29251
18372	3949
28606	12323
7708	1007
14188	2255
25586	16275
21268	27537
19656	28095
9612	7661
20978	4163
15454	1169
25344	29309
3744	15865
300	2091
14198	4033
28644	21275
17262	22831
5728	11397
13618	11147
26126	29251
6460	2751
19314	13785
6668	9565
28998	7273
23508	28299
28458	11641
10632	9837
3578	4733
1100	3185
18982	18047
21274	19703
25664	29777
5510	2699
18120	13855
14678	21913
10412	3433
11910	6511
24382	29271
18266	11659
768	1679
20262	4485
2202	16839
21566	17319
5794	4163
3830	4227
25448	21403
6932	1577
10942	21757
10484	21431
2552	6697
21368	3391
28332	8097
25322	21373
22632	29455
11350	1029
15628	16477
17564	17751
1340	1499
19336	22801
12614	2627
19890	29095
18312	29271
14282	19537
16842	4221
11590	18121
16572	29251
17068	16275
29760	14739
6222	4169
15288	8171
1106	16351
19258	29309
11574	5107
1416	867
4236	1729
21284	20559
23520	26225
21500	9237
6930	3755
10954	15207
5430	13215
516	4661
7530	1729
18402	7273
11560	9007
10576	4923
22864	25429
26826	29251
20024	12439
6118	4263
26758	12065
26158	14587
13592	10037
3320	1753
15368	22181
5904	9545
15396	13099
10746	7043
5188	6387
5320	13081
18810	3785
15456	5351
8466	8843
20788	29259
24766	29251
10446	19105
19558	18891
23930	2597
29914	19203
29000	11889
28590	2597
20592	20423
9754	5201
10564	9817
18134	17419
15958	5831
6716	2683
2048	469
2422	1115
6166	2519
9704	13475
7710	9267
3866	4967
19790	14573
23354	11581
14044	1819
18938	29947
2160	6423
6642	19359
23290	18129
8104	9847
29156	15303
22866	17143
3894	1981
16714	9437
15202	20341
11606	7911
2682	1447
19898	24637
28880	18767
26470	28753
7116	11535
21808	7273
2092	7015
4010	3755
29160	20379
5570	4655
5326	3223
13640	14273
21736	29333
29708	23853
22892	16475
20634	10867
28662	21789
13966	9831
29800	6103
24692	12423
15862	15865
19332	18129
12432	17293
13478	3401
7790	4851
1358	3637
1782	1115
27664	29119
512	147
19346	8835
18304	12995
26916	14307
9606	1389
8816	1729
13624	16275
26812	29251
17200	4221
16712	18181
17698	12175
27712	5551
21912	5373
22032	2597
1452	481
28732	13557
298	235
7504	1319
7736	29653
1650	1049
17138	15959
17152	10705
14230	21653
4306	6541
7882	4253
20162	8991
25736	29797
962	1355
4166	1729
4340	1749
16198	20719
18484	11337
23866	18767
9566	6661
9436	1243
6114	6919
22422	15279
878	2363
2330	1621
20618	20433
7414	17769
20192	8995
12560	13433
14142	11493
314	195
9830	5201
25144	11875
21174	29251
28780	12079
10978	12733
19516	9041
4304	1729
8880	7841
1498	883
23110	20881
136	99
28310	7499
4014	909
18210	18617
20982	20821
18048	29119
8988	22181
29530	8931
13120	9047
28588	20379
21184	28095
27176	11209
26426	29917
20332	20347
23542	20967
22756	14411
24194	6085
3960	23987
23214	2859
5150	7919
7022	8393
6454	7285
7224	19517
15058	12599
7458	2319
8648	6355
20970	29309
25472	21421
21124	28095
22996	10587
15240	7911
21488	9229
6098	3427
8966	6441
9882	19565
9198	5503
21460	21487
28156	29341
4548	787
20556	5523
29972	15833
15708	9615
21750	19329
10344	10427
20178	24357
5598	6601
10670	13969
21090	29257
26606	29251
13106	7293
5668	4703
12872	13549
24494	21161
2822	4535
10544	6935
8560	21443
2766	2383
1544	1411
17298	2751
15262	2683
4246	7591
24920	28365
18940	10427
27032	27931
27350	21835
26604	17143
23234	8703
18816	28095
16844	889
23100	22747
14002	15209
1738	1377
7550	24887
28820	11337
28278	13563
23580	745
18750	29251
22630	20823
24316	29271
13830	13875
29792	29925
21482	20609
14660	20079
992	1701
6236	1377
644	2091
28102	19967
18126	19813
27616	4867
2628	2031
5974	6103
6496	16475
28328	14307
26310	18651
29162	26703
21956	23073
772	57
15662	20525
5230	4493
13858	22831
21666	14679
3858	4253
24318	21835
7078	689
16194	20717
20802	11051
8038	29805
9866	5503
1642	2311
5418	2699
9454	3103
18498	1451
4830	25437
12944	15633
3710	13735
2354	4941
386	1205
518	989
18428	22277
18082	13273
5562	18527
10288	6099
29758	1977
2284	1531
14332	29251
16384	22277
5118	5669
20224	20319
20814	18343
21722	21403
11270	20157
22886	21473
14478	11101
28130	26703
25410	11799
21864	10867
10958	6247
6656	8015
27034	24823
22010	26883
23882	19003
24282	21083
25104	29713
14664	12797
9578	6935
20460	5287
16960	29665
25016	17291
19674	25359
7400	7273
12458	20789
8502	12823
17080	18343
18206	13881
3386	2653
2194	5407
5106	6139
16134	1113
15366	27819
17836	10367
14788	28095
774	2351
24064	15883
27794	10555
10664	4939
2572	3355
13828	2367
3054	3725
5380	3467
9796	13531
10046	13611
21978	16275
11982	15801
15944	7735
8864	5535
9338	7177
18588	9901
10618	5753
6188	2311
18784	14055
5842	2359
15988	7185
11198	22747
28602	5357
2062	2091
2820	3601
29460	29917
19642	24759
2154	1879
16658	13465
5378	13163
19456	15133
11014	21815
24826	3577
29420	27179
568	2523
7904	7179
5634	3307
822	385
29120	29669
18932	29251
15098	10979
17024	12577
27488	3625
13582	25437
19360	19359
12058	6253
12990	19959
6732	2683
18624	1379
16310	1243
15974	13899
10466	2357
9706	18953
1390	1571
28202	18521
5000	15331
1254	505
14764	22819
8220	4201
25206	8931
20278	3085
27270	26703
23052	3593
3078	3387
21002	14587
1438	1101
16234	19203
22212	29309
22280	29251
25158	29309
21138	28095
16882	11337
18806	13937
11946	4253
7814	3889
4292	6131
20076	20247
24784	23779
3456	1257
14244	11321
14808	29251
26200	29271
4498	4745
27648	23781
27302	29251
14314	3085
860	1451
346	127
22054	29375
17268	4103
29622	27957
1144	2179
15848	19003
278	321
27298	21781
15678	18343
3580	28235
15496	10163
7092	911
10634	14569
11458	4485
22350	19199
25478	29439
16342	22831
26806	5997
9000	7583
8504	3889
17058	19203
5886	951
16140	16645
13352	13685
28620	23659
29246	29721
5528	6551
16678	11457
28728	29917
29250	12065
22146	29271
1410	6379
16358	5933
14006	11343
7752	8311
29660	7369
18002	13815
16674	9429
2344	7003
29684	15967
27864	20379
28514	22747
1808	5069
7626	9575
13560	1115
19978	5357
9016	6935
6290	4949
3870	1699
2234	4005
11330	20179
20678	29207
3474	3275
4826	6967
27548	27931
4932	4963
27758	18237
27030	5039
7684	1451
15034	10619
25580	11147
3966	3293
29428	29787
21964	29251
3422	1541
25748	24093
20410	29119
22090	13339
8014	6975
9922	1451
8642	2043
23394	20741
22804	29271
19024	10737
27542	29201
1946	469
29604	3785
21960	17711
15912	11777
25626	16275
1982	443
25524	29309
17434	16447
15928	9253
3594	3345
19400	22181
14578	12175
11556	7503
16700	15959
17440	11889
456	1521
15692	14401
20094	15823
14086	7291
16958	20963
20264	16315
19064	14109
20976	8931
28246	21443
13250	9609
20558	20409
14616	4253
1084	3661
6182	1451
25990	21537
26924	22785
12252	16275
25486	19089
28698	26611
14768	16475
10144	5127
20132	20275
12640	19959
12682	15055
24260	29585
21692	2627
13448	6055
18168	11493
12596	13453
19138	7415
26022	23923
12118	899
12642	4283
14110	6061
19828	7155
8480	7949
15476	16475
15684	13209
27090	29949
594	515
14058	9845
25606	21473
14794	13175
16918	13539
13194	13575
21796	29251
29864	3467
21638	10583
21820	29251
8998	13093
20286	21317
17364	10619
19214	29271
1202	3095
23086	29011
18072	27179
28428	29435
7934	9763
22726	15157
10986	2357
5712	17523
25894	7625
29264	16435
13378	977
1558	469
8216	1425
23638	29439
20396	11925
26046	29309
11070	10955
17788	7805
27138	1243
20052	29251
182	123
14016	795
6762	7911
26992	18955
17140	13567
4042	2749
24196	8287
13252	9613
16398	11289
16188	13319
24802	16795
4836	3457
960	1061
10340	8737
17432	7373
24198	15909
10886	3829
15310	4065
9054	3755
6256	3639
12946	4221
4652	4565
15644	4163
824	2905
26546	795
25872	8215
21076	19199
21892	10311
11558	20333
116	89
13170	29581
22230	975
1146	951
3362	3725
1214	2783
22208	20759
11224	12841
6764	1729
26256	16275
4162	4583
15274	5535
10764	899
15264	6099
11308	11799
23812	20989
19420	29271
13572	2751
17236	16645
11062	2597
850	4803
7272	7583
3404	1899
782	1915
8676	18955
2510	981
20320	11875
3716	5863
29670	29897
23446	11999
11988	13221
14836	1243
23860	1451
4962	469
10314	8797
22610	18809
2514	4169
26028	29309
22792	15959
28738	18129
16390	16475
24420	29251
9514	589
17110	8061
22762	27095
21386	5201
28028	13593
7372	8061
27528	21723
24970	10937
28302	29397
12908	29537
13280	4253
25382	18421
28484	29453
12742	9455
27832	20379
23154	19093
23586	17201
5316	22227
26752	18521
25444	29271
25450	29309
19022	21403
26008	26411
12918	15211
27964	15303
13878	16275
6036	6869
21716	29309
15278	7911
2114	515
26412	29887
10800	9929
23560	17717
4028	8913
23844	18953
29152	15303
27598	14335
7986	4903
7248	6649
11414	7919
16580	5201
26970	19203
1672	11495
27366	25131
2100	101
762	59
13896	26027
25814	13931
28094	20621
704	631
3752	13857
17894	17365
29880	20821
1790	319
11786	469
26922	19199
22584	8215
1584	1451
22548	26223
26214	29309
6576	11067
11818	2597
26948	12571
14392	7649
18300	21515
9976	4771
11846	4253
4938	1975
29638	11289
26236	29251
6350	7007
27386	13175
19090	11557
916	4253
6276	1729
16946	18129
19412	4583
9952	10705
26396	29881
14786	20145
16156	13311
1284	681
29950	21101
4544	1173
18218	6131
12790	4743
7270	2843
28592	11711
11396	2683
546	475
5698	8457
22620	19599
16484	4169
8168	3479
17370	29271
26430	29251
1266	5749
24580	19963
23968	20379
3026	955
8906	2253
6632	8937
6494	2959
19160	14405
13162	13613
6006	6847
15406	20425
7406	3555
3738	4889
16578	7273
14166	3639
13604	8737
1882	303
14380	19203
1726	2859
27626	23007
9068	13145
18934	14081
10776	2751
14934	10293
3316	2049
1048	585
29062	29625
26194	21557
3180	10189
29142	21249
0	7
2418	2385
24710	21221
20148	12959
14672	16207
23172	9475
22158	28095
15952	21789
12002	29267
11540	2751
18718	5383
28422	28971
420	785
2912	2119
20484	5565
19936	28769
29360	1243
15254	4253
15006	8215
29186	14541
442	281
26354	29887
13444	19089
8540	21535
16774	10709
25906	18207
12780	29089
6960	19959
25032	11557
29642	17901
22752	16981
24834	29309
2264	1405
578	157
27736	5645
27506	10753
4746	6859
4586	10981
13402	19003
12728	9079
1572	303
29630	16715
3058	3755
29262	14457
21422	4253
18184	5277
3646	2325
272	337
4416	1171
8908	9029
9592	11417
15884	13251
12572	9421
3796	4929
13800	12439
23828	18221
7884	4873
2696	1451
24974	24845
13350	19203
8244	7949
29920	23485
5930	6787
12964	20987
5260	1889
29022	22489
22708	11337
10422	1729
26398	29883
20674	22181
21394	26953
7562	1425
21526	29303
24756	21241
9470	4693
20524	17835
3396	1265
2110	1243
15132	8171
29034	29783
26154	26481
22014	28117
21848	29271
18620	15209
21144	28095
21452	16275
4110	3755
22514	29251
18722	15279
974	1351
25304	14319
17582	23073
16940	19761
27096	14307
27080	23955
16298	13019
10898	3099
12576	6099
13652	16031
25648	29309
15332	10431
23288	18129
16104	5293
3152	5991
2668	4907
4152	14661
20918	19203
12310	8443
28554	16275
16274	23007
12716	8311
26552	29899
13898	7273
396	689
19282	29271
18286	11875
24774	1243
22848	13787
18148	7273
18016	3405
18144	29309
14372	17293
408	1197
4278	4613
4614	3379
15100	5523
11972	17453
17906	13757
12446	15303
14992	12907
27560	28105
482	481
27728	15003
23176	4531
11954	8609
16146	13309
7110	3835
29118	29201
21940	12601
14220	5669
22260	16689
524	5749
25726	29795
16524	7743
4194	13593
9962	9533
6228	1627
26298	12763
4144	4253
19480	11057
26030	745
12388	28145
15044	11875
17850	19199
5046	3685
18606	29309
8754	2253
22486	28095
11314	7273
11960	3629
11020	2751
8468	22747
1736	6103
2058	1753
27074	12151
20310	5403
25696	29251
25432	29271
20096	8703
21346	20917
21838	8823
23792	11597
4940	11321
4676	6935
21396	3813
8682	15587
26358	29251
24328	29589
17344	21059
20858	15223
14152	10449
27622	29309
13552	8927
13310	7273
9746	1729
26062	19093
14508	7483
13122	27479
18088	21393
23284	29513
24380	5347
27580	1243
10506	6963
13690	6929
1306	797
18080	1787
14996	10619
204	587
84	47
4686	889
4664	21167
5568	2253
13902	7949
23102	11003
22298	19959
29094	29887
7554	881
6786	3639
14688	2359
11326	5503
6334	8015
5476	1143
16050	21113
13470	7273
19976	20213
562	1947
16346	20777
7696	6821
22366	29309
26928	10311
29256	7273
7524	8493
28626	8073
25864	19621
12530	19473
20390	7911
13778	25507
7926	3439
1748	29
13266	9619
7906	22831
23770	17711
9732	9445
21802	3589
888	1569
8498	6303
2042	1635
17964	19959
19920	29251
14680	8445
27934	20891
3182	1751
7462	3343
20704	20449
25392	29751
12028	13235
6442	5511
11516	16315
5288	11743
13230	21139
28112	29271
19422	5347
5004	1451
7302	469
2308	977
1734	849
15828	9209
15020	12919
13380	13691
2210	10845
24358	29595
2342	2993
2798	3189
15738	19003
15110	2751
2540	6143
23194	20821
28076	18077
8162	4065
23448	21575
22338	15279
21112	25053
28442	28455
20092	19531
17302	9567
27040	28795
24706	21217
12890	7911
28746	28889
9348	1775
6094	6909
7528	15955
10096	1425
23098	22291
25802	21407
29860	12577
27158	19199
23608	5845
26632	16461
3008	889
4988	2561
12836	6611
6624	12891
1234	2871
27142	7797
10574	4007
8640	3641
18544	29867
8396	12131
20322	29155
26678	28145
26442	29309
20292	7175
11076	3639
7824	17751
22058	29251
11554	3593
26818	29309
27206	745
828	619
24278	21079
27288	1745
12748	9459
9644	1761
1928	1087
7334	6131
8482	3955
20060	20241
27658	22139
18768	21687
17640	13699
11012	14133
14534	7139
1408	1649
10160	16275
1186	395
26144	17189
6102	13775
21952	1853
27222	3755
1878	1633
3902	2701
10794	2143
28694	15477
14418	2751
10026	3639
12456	5625
11438	2125
20468	24887
12874	13199
23186	25493
23312	19761
20112	9041
23672	18163
25984	15209
7612	19703
3424	4583
27042	4173
17126	17293
10934	10163
28322	10989
12042	13243
4072	1501
24620	7175
9210	8627
21954	21835
26566	22519
29612	17453
14736	16275
27230	16547
11190	20121
2192	355
13862	9803
3766	143
6376	1753
10966	5851
8826	11493
18868	7717
19414	11875
10808	6203
7254	9389
796	267
26732	19513
1180	1355
13738	13835
18288	9823
21446	10261
23648	11343
9802	1425
25970	22831
10854	5997
8184	7051
8336	14095
3746	13829
28182	3813
8972	13067
22616	20821
19846	20821
27162	20861
5524	9257
3374	3559
11298	12861
28386	24895
8398	3525
10456	11493
1704	1177
13356	11099
26868	19203
24190	9341
17868	14927
17072	6611
21136	28095
8996	1729
6548	8857
11368	15587
28494	3479
1130	849
21970	19473
28436	655
1082	189
4864	469
10228	9665
21528	29665
18458	19655
5130	7433
4846	9815
11628	2683
17612	21199
14118	21577
7842	9723
29306	29263
13922	13909
10590	9829
10630	3829
16168	11055
16956	8445
18380	28095
4764	2515
11430	11917
24472	18215
15744	22835
21170	28095
22420	4191
22922	15209
6298	523
15724	16477
19334	16637
4934	7911
23220	4357
17708	11215
29964	10429
25170	29309
7106	7537
14866	17635
15436	4553
12420	16593
17700	13719
14854	15477
16876	25719
1816	811
4132	2407
2772	963
50	231
3204	2015
16720	14519
1586	879
29738	14405
16816	12627
1764	2353
11264	2867
21516	4583
27982	16715
20722	18851
17294	13591
3852	1499
15320	13061
3074	1701
29300	16515
1462	1657
15878	27293
11968	13217
17266	19517
1868	5749
17064	7311
13674	2633
3794	7901
20784	17919
15286	7911
10674	5355
9532	1729
16900	23659
2606	469
6092	6905
1380	1117
3090	795
4876	4065
19576	19203
9688	1733
23034	28095
7664	7273
12696	18953
17160	15587
21206	29285
13798	11765
13324	27819
9244	14967
13052	27247
4666	1707
24800	3745
2478	1393
7556	505
1374	6969
29732	10587
22488	29309
13586	6035
17796	17419
25952	21533
5204	5645
18202	10553
16496	1495
28890	8313
4424	6385
17966	7311
16426	9393
27930	4225
24806	26967
17208	11599
29518	22559
16030	24295
6368	3573
26088	21991
10744	8313
17544	28095
26240	2187
6208	13897
26600	29271
28700	27109
24762	29271
17292	13589
3308	6351
1768	1109
20362	16315
5466	9207
7120	5745
24092	21007
7880	9735
23196	20917
10462	9771
23328	28095
876	107
4618	13851
18686	11321
11286	8907
7928	27575
25582	11101
17688	6173
18290	4845
20508	29733
9248	7641
18176	21835
26060	2187
28210	19959
3836	795
10444	6945
6074	9715
29006	8931
17312	18129
1040	597
24612	29665
14598	13175
12120	11443
8084	3639
26878	20379
20394	25131
7114	7007
1850	4169
17180	8573
3000	26615
5916	3085
29310	11889
8558	19879
5868	5385
29026	15047
16636	2897
10368	8393
4160	2415
27914	13193
26754	20917
25508	15279
3906	3049
18192	21101
8608	7875
20662	29251
16944	22709
6132	13053
12616	2627
15546	13171
12864	7735
12692	7331
28668	4367
6652	11227
21626	15721
2842	1729
7098	4631
4224	9155
902	333
10386	2123
10164	7649
3128	5863
4124	2405
20274	13007
7778	21253
9950	1775
5856	1377
7320	6683
18098	7427
16466	29449
832	1479
10782	14043
4390	1911
27012	15209
4660	4825
6062	21537
21896	19203
26672	12543
12904	20975
6020	10407
14326	5051
6506	4385
27720	20337
23504	21723
17828	21295
3248	3515
13702	15211
6068	7919
2638	3661
16596	29251
13342	4163
6066	26615
21682	15047
8140	12259
27110	29271
19960	2597
13082	1749
13908	14927
1348	755
16492	10555
17244	29251
6778	5393
20980	29251
8858	3829
22992	29309
19450	27429
24296	21097
14106	8061
5574	16307
4814	3447
9296	7537
8590	15955
13440	2011
4992	3501
25428	29271
26738	18095
5890	2077
5262	9027
10526	10207
12128	11787
21080	20821
7186	12543
1744	1373
25720	18237
26100	17937
23496	7293
23014	18047
18924	15715
2932	3293
20066	29115
18540	13981
16692	18237
27184	24675
206	143
10592	29815
4606	6775
4474	4731
7494	15505
14082	9807
17526	7919
11936	22729
2078	6979
234	81
8020	2215
10464	795
11316	12867
2980	7949
18920	23423
9876	4839
21786	29309
19616	29251
5512	5501
7324	14255
1926	2085
23526	20821
21084	29251
14464	5561
15948	1451
7008	4607
1290	2095
358	459
1152	2285
24066	17699
7636	4799
1874	469
22348	745
18740	13205
29878	18909
5680	7499
11770	12423
5536	8213
21350	29271
23256	16669
13174	7425
17204	16637
22570	7743
4964	1787
29416	19359
29254	14885
11410	8977
16154	20695
19338	11889
8228	3881
12244	16275
5010	5013
25578	10979
9998	19003
29658	16447
17950	15587
11508	16315
10712	13019
2236	475
4368	7671
11658	7187
22436	16315
29408	10407
24062	15865
2374	303
21104	26247
694	363
26122	13961
1208	729
6838	3987
16402	9377
2778	3175
19474	20107
5450	3259
26340	18035
16788	8097
14274	7415
24966	29251
24808	29251
8250	11397
5516	3093
21560	15789
2222	469
12582	18343
6184	22831
11876	29693
3726	5201
20606	7583
3114	2311
15954	5919
22672	13071
26638	11321
18056	18995
27520	22747
27352	14119
20138	18409
9544	21337
10580	1087
11870	1729
6640	3179
1406	1325
14620	20061
18352	23659
6340	4163
22322	16709
2856	13203
4	3
22184	17419
14270	8801
14320	6221
15036	12927
18840	18955
4268	8445
26410	21623
24688	24649
9934	15959
9434	7537
22320	29251
25948	28031
27706	9033
20992	1331
8368	5015
29452	29813
13780	9779
27342	21789
21994	29369
3082	303
1856	795
432	277
20038	29111
2052	8595
1274	3745
10106	21141
3680	4253
2086	2091
26620	8097
16518	16475
21014	23693
25866	15883
1088	1565
21004	19199
3856	2551
15068	7919
9526	13389
142	281
16746	20379
11348	29579
25178	11611
27862	18521
6912	13141
2218	1177
3052	1741
6024	3403
27510	3577
14890	14221
7032	10237
8080	4935
26750	21667
13190	20999
26446	8215
12794	5201
20906	29245
11926	22831
20642	13125
7376	7275
9824	5933
27970	26917
25926	28095
13934	11957
9942	6131
17718	11445
18744	19093
21558	15865
10652	11337
9458	10431
26180	14319
18790	29887
11126	29309
11840	5997
2116	1377
28534	29467
11848	9137
1042	653
414	3095
26786	29271
6134	8573
11576	2255
29102	10411
12186	4423
6722	1729
786	2195
3410	5331
16806	3889
18364	28095
25358	26733
1554	5851
28298	29887
3482	2011
10226	8515
27238	29309
28196	3549
16458	28141
29700	8097
9988	18181
24828	4257
212	879
20834	10709
4040	303
29714	16461
8848	16315
10328	11337
11216	8885
16802	3577
16886	13535
22206	29411
28374	22599
8126	27819
7054	1753
14218	14013
5766	9457
20086	12599
6252	13951
2516	1903
24572	28795
21648	26785
13682	21367
18152	13549
1134	2311
28866	20379
530	93
15338	15279
6992	5863
6018	7331
21036	26411
8272	11147
6100	7273
12700	18953
13712	9759
3664	7553
8382	7123
12422	9365
9060	6481
4966	3103
25320	7157
25116	8737
18308	7943
24162	19359
22022	7795
12600	1405
9758	10397
6630	3351
21788	21299
17748	18567
2650	681
8724	2683
17144	15331
2402	1989
27708	7749
5704	9417
26300	17359
1108	1189
27056	16477
13386	3889
7086	4625
6056	21305
18040	11771
20754	16447
25908	29309
27472	20081
12426	29419
1330	1915
2624	857
19344	20069
10554	6139
5358	3233
16790	13491
890	689
14804	5503
19366	18179
11994	14885
10238	11227
20936	10273
28116	29315
19084	1729
16036	5347
24760	28095
5480	4163
17028	20917
5196	5535
9666	18237
25816	14679
28282	19203
6968	11289
16248	20741
14692	12431
15804	29269
10166	21191
26548	11671
11006	14127
18138	13861
21496	20613
2212	797
23026	11711
8764	7841
21078	29255
20182	20297
16888	13537
22814	19229
9392	19199
20408	20373
2428	425
8926	2729
17740	16275
4634	21121
3006	4253
17272	29569
474	671
4620	4163
10176	9641
14098	20509
10818	4201
22134	29251
21114	29251
25810	21517
28754	11889
5076	7137
22790	20379
11702	3551
22822	19959
2796	12979
21208	28095
4944	2253
14024	1551
18394	28795
14892	16477
22606	16275
14806	29309
23248	19761
22468	5643
27174	28795
21410	17271
26558	27903
20156	4253
18232	2859
18950	11101
18690	11321
24870	29309
2012	883
13606	3661
6554	8875
14050	17907
17750	16275
2972	5697
12198	19359
5470	8151
28858	29553
20534	29251
2254	1145
20352	3021
21406	29309
27620	24835
6988	15149
14338	19089
8814	7415
19910	10587
25056	14927
22846	19089
19068	3755
10488	3839
14074	21555
15778	29261
3330	8963
27594	29439
14388	14069
14714	2011
20712	15379
9402	9327
6120	795
28452	29309
2476	2357
26796	21253
25878	29251
23956	29665
19212	17711
13466	8061
7976	2311
1446	197
24202	5625
8282	21745
16478	12581
21292	25117
27150	18955
29384	15671
18792	29251
23416	29251
2368	21617
23926	2959
6370	7865
23626	18037
18880	18343
15970	10173
12254	3095
16322	19959
24432	5485
18204	3813
12500	7943
15204	25659
17600	12175
22808	16343
15122	23093
16062	15095
13302	4829
1370	567
9462	9351
5858	11541
8656	8945
10170	3629
17838	1729
13118	7671
14366	9953
17608	6835
29786	1495
6346	21659
28184	22729
7910	10261
9302	3931
1512	2323
1304	1571
5788	4117
7210	3551
8828	11227
28032	12733
12554	22831
458	29
6612	4369
10122	7007
1046	1603
6812	13043
2434	1881
17470	27931
15820	1405
5630	6623
27476	7273
5302	13057
1814	1657
4536	29541
13286	8015
5184	12925
28696	24951
17976	18129
8248	7483
6022	4849
13976	7137
24350	29593
17794	15883
12536	16275
4942	4975
7956	13847
7774	9659
15760	28095
9800	20837
26226	14951
2744	3351
5256	3639
6082	17293
23368	29829
18004	13811
590	545
28158	17767
17880	6897
24606	29309
11244	2597
23694	10261
18628	29251
27440	18215
10798	3095
5824	273
19864	29635
7232	3877
3820	1107
13736	2483
11914	15883
12498	6085
23068	29309
15762	28095
17466	16275
4066	6375
21992	4663
4594	10553
19398	12793
15498	15861
28646	10269
20836	29235
8334	2683
22912	20821
23140	29309
7088	2483
24622	19203
19354	14175
26466	25053
16250	24181
5060	2579
28648	29665
6394	1749
21744	5839
8866	4631
3920	14085
15596	403
27422	19359
7574	6763
11032	6429
23594	19319
5612	3241
20034	7273
154	31
11858	8311
11474	2751
17792	22729
9360	3415
9136	19831
17978	7155
1784	3337
28742	29539
22642	13427
23378	20379
6654	12901
2066	4367
18314	10427
13930	16387
2046	3409
7328	4711
826	1447
20636	4065
4022	2633
9084	29231
5220	8997
16362	11249
27404	13493
16670	1737
17082	8627
18578	13999
28612	3593
26496	29309
23722	5877
12360	11343
13024	10469
19884	7273
3096	1753
9260	3889
13296	2653
1002	14059
11404	16275
12434	13379
27676	20259
11406	8969
1772	2899
11792	1169
25780	21511
24964	1785
29790	10287
13450	11611
4510	6745
25790	8777
11610	29157
20542	9067
21026	19159
23156	29499
2524	7875
9230	29297
12008	5051
9322	4005
27766	28061
20726	6945
21232	11889
6878	909
870	1215
21336	20575
24354	21123
12828	11611
14108	14555
13722	6933
27416	13201
22286	11477
27244	29309
14602	24637
20810	14885
16244	11561
4000	2333
21778	29251
12698	19199
16312	6173
15012	20243
3266	3601
15336	29251
6660	29109
23546	17927
11122	8841
8932	8703
16136	18751
24660	10553
8430	1729
22312	2597
2502	4599
10940	2653
18622	21623
3494	2441
22128	22819
20750	3889
15660	29251
19706	20821
16782	11671
24566	14741
26592	6611
24206	19859
28506	29665
742	197
1190	2091
23872	15959
4588	6111
22480	29251
29828	2627
1880	6281
19116	21809
25656	29775
17050	19203
15734	29309
21860	5669
8772	1729
11240	14885
26644	11321
21016	26967
17572	23659
18006	795
24052	15543
3154	795
25070	29251
19452	18767
10052	14255
18834	11821
2720	7077
28290	29387
9700	3755
22566	1163
4560	19003
12862	18343
7068	1729
17146	2311
2930	1379
6650	1577
19562	26767
9696	5403
20888	6099
29056	15671
27500	26753
12994	18901
1590	6681
28260	29377
24912	9675
8742	7425
11344	20187
15656	16477
22500	29309
14712	4253
26262	13437
24140	24093
3086	897
23136	20889
16096	1495
25858	16913
8634	4449
1830	835
13890	9811
5168	5247
7946	2175
6484	14885
6628	3785
2800	6399
12044	2011
9422	13593
23144	29099
7460	645
10428	8445
5398	4253
27312	22227
28092	29917
28500	29439
4694	1943
17476	29609
292	435
13628	11761
7340	7645
11204	4357
25546	19089
21880	16333
29560	23977
9680	20843
27946	28903
13772	21409
7576	19859
8644	8939
27530	8887
20990	7273
5252	3201
19986	12903
5606	4839
25946	20379
13036	10327
24488	15209
17610	29251
15532	29221
18376	18047
426	1909
5932	4801
6304	10969
6644	4111
2464	2421
21652	29251
13412	15865
9190	2357
23380	22729
14926	16645
25276	12571
26134	14885
21022	745
26756	29309
25914	15715
2388	1657
17052	21835
16288	5749
3816	4169
21238	6493
21748	23307
14860	15209
26990	7553
6770	6407
16902	1275
1954	11495
11150	8851
5948	4809
13176	21049
6240	8797
15214	6089
22314	18911
25336	19193
3380	4545
19974	20211
23070	857
21212	29309
21280	13223
2858	4591
2224	1657
10766	7949
8568	15883
16932	26205
8180	469
28154	24293
950	2123
8436	4201
25114	8737
15726	12423
20884	24615
5424	1849
28634	26733
25494	14885
16242	6035
13892	13901
14878	21835
19262	20055
23016	29309
13372	12175
2982	13483
24686	21207
1598	2701
330	655
24214	13617
3178	1429
20844	16461
9602	1451
18130	6173
2688	1749
12930	15209
17386	10867
15390	28095
28574	10315
11468	20283
29076	27209
11726	15479
29946	14307
4140	4093
19904	8073
22982	25359
7546	5987
27378	27583
11600	3437
4984	2333
5922	4795
9856	6749
4688	18953
22854	13459
15608	4253
21082	29251
22844	29251
26714	29309
15360	16897
12152	7553
25264	18835
24732	20379
22652	29309
28240	28117
29498	8789
15814	17597
5140	5069
27690	29133
6712	8993
13146	2683
15474	7735
2186	3261
23736	29545
13244	8757
24048	15587
4884	4111
26890	29251
12336	1257
7136	1451
23474	3351
14530	3981
6232	3467
2938	3301
18058	21379
23374	29251
28842	18633
8262	7833
18492	29251
12272	9323
7630	1269
28906	27023
13238	5107
9972	1147
2576	13563
19396	24715
18256	15715
27290	19469
26814	28969
27632	14617
22112	5749
23846	15959
1700	645
18548	6085
15448	2611
22744	29665
12382	13355
16502	4221
25464	3931
18104	10867
25758	10789
23908	2359
7438	4163
26882	15865
24916	24303
15348	4531
13160	6101
17340	11793
10132	13665
14914	8931
11382	8949
6106	1113
21894	12175
17510	19003
17616	21201
14226	14017
5810	9511
15746	29309
19132	14143
2934	2777
21686	25175
18732	21673
16936	29439
5792	4747
6172	7415
28438	29309
20018	29309
18244	5501
7298	3829
6404	4995
27382	21819
17808	1479
8470	4243
18078	5179
14490	11015
26224	26703
1472	143
24930	13727
23044	22747
10948	16475
20230	9015
12608	17905
12778	13517
12730	16439
23108	2253
2458	8277
3604	5851
8752	10937
22078	7791
15472	7735
15144	7473
21240	29251
26690	17831
18814	13087
12206	4313
18526	6071
19662	29251
25974	19967
10754	2635
29338	11333
27672	20387
29580	29665
22530	29309
15872	23937
3274	3141
27718	11485
9520	3593
26346	21583
8422	1405
25026	17221
26428	2683
5394	1009
18346	1749
19874	16369
18654	23007
25996	23641
21814	16009
24026	1277
9384	19089
12714	9447
18246	21489
9556	7919
24924	18233
15650	13201
17646	2357
7226	2143
6144	6947
15796	16275
1116	1257
2984	1599
20766	15497
25762	29801
2416	6103
1636	597
14864	24895
122	61
9670	1749
24788	24611
23980	21403
15614	1775
23796	29549
24676	14781
25794	29309
16758	6215
25886	29309
6894	3813
11280	11925
10072	4225
3206	2357
21514	29271
24876	10347
27458	22729
9372	5387
6834	13055
14442	16275
16666	29783
17044	11757
17046	2597
13546	17791
28424	14587
29464	21623
7042	3269
21658	3527
17662	17937
24674	12733
21330	29309
29098	29309
22494	29251
26490	21649
10802	9931
11666	13041
11134	12799
18562	13993
24512	25395
9438	2597
11788	7911
25710	6985
6872	4549
12636	14307
7598	9551
24452	18873
6774	8641
7700	11777
24238	21003
7890	2683
13196	21001
6608	7911
19066	21785
10262	10845
23246	19761
17088	19199
760	553
29182	8931
11696	20387
27094	24895
2440	6417
14908	3551
23562	29665
10896	951
13562	2561
23710	10571
16482	16275
19854	22901
5366	3237
21224	5629
5154	6363
7072	9243
17614	12177
6724	6395
22434	10431
26152	29251
15334	29309
27848	20945
19638	29069
6852	6453
26174	12549
12858	11597
16992	20971
29002	13893
6170	4253
2654	4169
25818	8061
16768	29271
13290	10315
16540	29251
20420	13851
26308	7625
9638	16815
20238	11875
7130	2683
29572	20379
11418	2253
14706	5649
19722	26967
10914	7095
9744	11101
7876	9731
10486	4065
10514	8311
29694	11321
24950	19959
26794	10287
19928	22981
3464	3085
5778	11611
29176	24711
6492	889
4186	6099
21656	10619
22270	20763
14784	20145
21040	26411
1710	2403
4296	1137
25544	9789
7002	2683
29648	21637
28884	20379
9846	19003
27924	29339
13928	4055
26804	29251
28910	20379
1350	5069
5786	1729
24436	29605
6482	5301
20290	8171
18230	1371
4720	2077
16874	7345
13420	18047
5124	3293
7984	5827
29304	27515
19984	18539
20506	10541
27998	14465
20666	29665
22496	19639
12776	11617
14918	24571
4668	10553
26582	16899
1508	4169
18662	15963
10998	5017
21228	20549
26212	29271
19328	7155
23244	20931
20146	15907
5790	13529
5708	13447
29734	21663
4712	8061
610	107
12350	15299
664	5355
28822	16583
1624	3661
15780	3637
5392	1425
3298	6459
12160	9277
16404	6693
5828	16005
18572	4253
12302	16275
26436	17767
17190	10347
9848	20969
7654	955
24046	14781
746	745
15582	12495
2544	7291
8846	1729
8100	13947
4524	1273
21794	20669
6148	3443
9222	4313
9006	6459
28188	11007
19364	16475
6194	567
3440	4599
6418	9967
11040	4155
8812	2125
27338	14115
25700	29845
13158	8699
20782	20477
14258	8485
28726	14721
15022	20249
5174	4467
12296	16443
8818	6113
11018	10555
24478	8215
29564	29309
25856	20379
7520	3639
24042	16515
18964	19203
19078	18121
21010	3803
20196	2959
12562	1729
4480	3367
29646	18995
14444	16275
1336	1451
10906	8645
10454	5535
27198	29665
9714	15865
26070	5293
714	267
9156	10163
13740	13837
19648	2653
1616	169
15094	21845
8070	3551
9598	1377
7360	1327
20632	6173
11212	6315
794	397
24236	29555
29382	19473
14360	4163
7134	4169
1238	303
15106	2683
29148	8789
20214	29141
6402	3497
27260	15883
27292	21279
9510	3313
15152	5357
9658	15413
20512	29271
12534	9415
13886	19003
16042	29339
22902	29309
7000	6527
1580	1113
4646	2499
612	529
27452	8139
23390	27919
16910	29271
26248	29005
708	5355
16490	8925
25408	1729
22362	29665
15728	2683
10250	15959
26960	28365
22108	19045
19166	17767
10336	10037
29990	16489
18240	19959
676	1589
9854	975
6314	9895
18798	18237
7682	11687
9346	11067
2880	795
13784	8061
15554	13173
14406	21739
8786	1729
22446	17453
21664	11015
5078	849
29260	7377
10092	5421
22094	2843
10316	7483
20914	24637
19684	20779
26350	28079
25574	29769
15134	20323
3956	13851
22220	29309
10124	29611
27790	10315
2764	3147
6122	7949
5280	4509
12174	5503
29768	29285
12110	22741
25398	973
656	537
7246	6647
13742	8377
1122	2091
9798	18343
17014	11417
17536	29271
28072	27281
15534	7949
26810	29251
27710	5347
718	787
162	225
26900	29579
16486	3643
28974	13575
1696	2123
15522	11215
24392	10779
9014	9079
9762	13513
9904	18953
10424	4867
19286	5625
10076	14885
19490	2345
24108	29309
12660	2659
27806	7345
1994	13547
6696	12599
28774	19583
10472	13433
22690	18901
9844	29309
29430	11003
24274	21075
25840	17699
6782	2253
15610	11679
9148	2713
17258	15061
6110	1657
2460	1101
4504	11597
12218	12159
4170	6243
27828	29201
3996	3153
19062	16891
15990	23395
24362	7499
25942	18567
8688	4253
25612	15209
9936	14927
25066	1007
16742	11021
19350	12791
24640	21195
29850	5933
19566	20139
7416	2317
11772	9097
13996	7001
12430	13375
1998	1039
9898	29513
3170	1535
20912	20513
2170	2417
18778	8207
20184	6393
20998	29887
24470	21153
14334	1495
8584	9047
392	1419
13584	14885
19800	29495
10066	4423
10520	18237
12720	7181
16340	19763
4460	1543
29766	20917
25482	19089
8836	1729
15548	4253
8934	2959
20480	13071
20500	20821
21260	20771
21714	20651
12610	1115
13974	19199
12804	18237
18850	15633
16708	5325
640	1775
8638	29439
17460	8493
8666	6367
13718	21723
29494	27937
9160	4583
28888	11015
2350	1657
24144	20771
6692	11227
14988	977
25632	12107
24574	26913
3598	597
28768	18473
27576	11675
21428	29285
25446	29271
7418	6717
19444	8215
2040	3105
18984	19959
15370	1749
28784	18599
6258	21407
8472	4393
21598	27185
19294	14967
8032	10163
23578	26225
1068	2077
7476	1495
28488	2597
4702	6855
394	701
26334	18539
15054	2751
7924	10327
1478	535
428	2333
7628	4793
14754	7735
16640	29803
21362	11337
20604	20427
12332	5231
27602	19583
15344	13073
244	207
29226	29707
3382	6467
14250	7073
7726	5831
14734	20117
27826	11599
29762	24845
11902	7359
5518	13593
27942	19199
1328	383
3890	5261
10616	1451
1426	2091
25550	29309
20760	29271
13926	4055
20532	20821
22258	20379
27504	27537
17032	3763
13000	16275
5750	7415
16892	13829
27398	10015
23428	19761
28214	20379
3536	13395
1876	1173
9102	6523
6070	17293
4654	3639
28096	22245
20108	1729
24754	4845
17442	29271
12172	4087
20470	17927
22114	5587
18746	16275
20562	5565
18842	8183
5586	1207
15322	8151
23632	15865
12468	11777
21654	28299
6924	13169
6474	6099
11478	4253
15190	13019
15038	29501
26704	19627
3786	2529
14504	21791
804	1313
9788	20933
10148	6819
22144	13787
14748	11077
3712	9713
14452	7735
28334	29119
26238	19003
19100	5535
446	425
19808	29271
566	881
6862	13109
6040	4855
3192	3095
23042	18237
29980	14321
3240	795
24254	19199
8028	8151
5862	1405
976	303
21974	29665
2632	3637
25068	28095
2894	4087
320	443
3764	795
18070	7245
19468	21723
21486	20907
12066	4253
8962	2011
26058	22277
29688	11321
21110	28095
19042	4867
4918	7033
28446	25437
5908	5629
9164	1443
26740	26743
6908	1425
29930	17835
4698	4833
8894	2751
21584	29309
20180	7187
22914	19565
3976	6305
29840	7743
21340	12349
16836	28365
17238	19203
3208	11321
22730	29251
5080	1849
17374	8253
10522	1007
11038	7147
11050	27819
23572	18845
28296	29393
2964	4709
6010	15865
13870	7979
17812	21283
14048	17293
26980	23721
2564	1751
13610	5803
24002	2597
24264	21065
4450	6695
22052	13323
178	381
20582	29191
6864	6461
26510	29309
18342	22277
22668	22227
11074	8821
25958	8995
13638	5669
28752	589
14112	8061
7756	19959
27562	20821
17214	15209
5800	2877
24386	29665
12328	13337
27104	28795
1570	3285
24954	17293
23492	20821
4502	8151
12848	3589
4118	7415
18020	4883
5776	5403
8780	4163
9616	26371
1740	645
10822	14039
24004	29665
18448	15757
6560	4253
14702	13577
27212	11889
25988	29309
19964	8215
1526	269
25108	4005
18882	1737
27066	29271
10920	21737
5678	18037
19270	18245
25198	10073
28164	27717
24440	29251
25006	10979
4532	13561
18156	15209
28782	16941
750	2237
1922	4589
5846	6755
11374	12899
29590	20805
21440	18123
24534	5933
11568	5649
29158	12295
16260	18237
27432	16795
23238	29439
13240	7761
9400	4845
18164	9791
3450	9205
4198	3585
9432	14885
26384	2999
19476	29041
28688	29517
18680	2333
8288	7647
10218	5197
18604	21835
19744	1029
10108	9607
27130	1243
7482	4753
25504	23639
28056	8183
12504	18343
26712	29309
26688	19463
26576	10469
22372	8061
9420	11875
28306	3755
7532	14927
1182	2091
26670	8443
24852	21257
11352	20383
18610	889
26964	29271
27544	10641
23460	23659
14486	4173
8808	2683
12686	18747
26112	29887
14196	8313
1492	8737
27322	5925
17556	29887
17458	9615
1288	1169
24390	16795
26294	18901
20522	29183
9538	9375
21574	29309
14432	7289
2814	9049
15376	15209
27124	17961
24988	13733
9146	7273
9596	1551
25670	18747
11174	4065
18064	29747
28944	29089
2634	2445
17772	10705
26532	28795
10016	6771
10394	13593
19788	16503
13806	13865
9214	1785
23706	17927
10666	13953
25776	28769
1458	1001
12	11
18264	28095
12772	22747
5960	835
9414	1101
15378	13707
23924	20379
21038	25315
24020	1169
27906	29237
1076	4317
5066	6285
5276	2683
4112	7919
21926	29665
22988	29271
29424	29339
3164	12755
20860	15379
25232	29785
13532	7671
25152	7971
26602	19473
15752	28095
17372	1101
20016	14319
14312	12733
28990	23705
222	109
7896	5051
16218	2445
3284	1257
21930	28095
22246	16583
13254	15209
28914	10553
13868	8777
26132	15865
28976	22043
5590	16275
7656	11917
21756	29337
20014	17143
8874	3829
26906	7251
20246	7661
10534	19045
13634	14927
27888	27937
6920	5551
372	123
17820	29271
24216	16891
76	31
12652	11433
18334	21525
2630	2019
7282	5277
29476	29065
21408	8287
20454	10411
3162	22419
8938	16009
23598	18129
13322	11777
2272	4087
1248	955
16066	8339
21218	29251
24180	19459
29582	29439
13094	10619
25922	23659
13314	4221
5142	11611
12842	4031
4690	2659
13186	10507
26376	29665
9238	17327
24262	21063
22770	16275
13920	3889
23732	21835
6178	16275
1960	303
14532	29991
7584	17293
2352	671
6666	14569
16002	5539
15470	12175
3544	7185
14158	15321
2546	1657
16018	12227
28636	8313
11826	29095
23300	25131
3978	20111
15516	21835
17642	29659
838	645
22152	18965
24176	13593
27092	18215
26478	29309
26086	16583
1574	65
22388	20821
10908	5591
19434	20095
10638	2627
5306	271
12506	15209
28928	9823
24150	10013
21154	28095
8128	4849
24968	29309
25252	7177
4760	6889
5874	2483
13406	6845
10864	7743
19624	6085
22472	29271
26400	7833
25230	13787
1864	469
12040	12733
22244	17453
7972	3787
4274	13593
13786	12577
13686	6253
1690	979
22232	1243
19996	3829
24516	14137
668	2091
14516	18121
1194	3767
8788	2683
26218	11889
28434	7273
24904	3755
13852	19003
17274	29571
13390	18129
5310	5827
21464	11227
3946	10005
7090	4369
10442	4591
22042	26571
10894	4221
24744	3987
21070	10705
22962	20851
9224	1451
4150	8231
8960	20385
12178	8931
15618	15967
27102	29309
25530	1493
17624	2885
21276	8313
22148	14841
5132	22729
26848	27177
26320	29251
13788	7643
25308	25229
17762	29677
23712	17969
15492	9135
27570	17907
4974	1451
15718	29251
10362	4163
19636	29251
1952	2123
12910	29665
22622	19937
4406	9401
27136	2175
5564	7335
2360	795
4492	6731
1344	1003
5514	4369
17132	8061
21286	20561
13832	5201
14710	12819
22008	29251
9108	3881
58	207
28576	12697
25118	5863
28450	18255
27628	19003
2492	303
24896	10261
7152	809
19524	20045
3286	4419
14066	13959
17114	10641
4252	5533
7492	9505
11080	8817
5656	3755
23768	17473
22202	20755
24484	29617
16124	19203
27266	25405
29404	3933
21556	15959
15280	13047
440	423
15192	13021
25316	8097
29106	10751
29854	22559
8174	19199
2594	1657
21936	9737
7330	19199
11170	6379
10402	21361
702	2931
25498	20379
1970	13423
7310	1749
20078	10261
4684	2683
24840	15807
24078	10273
10682	7293
28832	11417
14758	14221
27960	15303
13724	5933
11130	21337
24868	29675
14690	16515
3518	13361
15900	20617
6664	12909
25880	18129
12460	3085
20670	20439
15558	16447
21066	5373
10080	6797
15866	17401
1070	3787
17408	11103
19482	7037
6408	689
25842	29251
26610	19401
18858	12691
6382	4991
5538	1787
28772	26427
11774	9099
28558	24975
4320	2607
16264	20747
23928	20993
252	319
27798	11889
2450	3227
7978	18623
11436	2683
26718	23311
8748	20277
20538	15325
23734	29923
23644	7369
28942	6391
26524	24293
28432	14017
6058	6103
16446	18237
14348	18237
1962	217
23556	20821
14862	20171
14936	12895
8426	1257
21628	29271
13078	19473
12888	2011
22482	2751
24428	10261
18330	15865
12356	9341
23680	17831
8758	5107
2270	2489
24398	29949
29686	18047
14216	21643
6044	6877
11246	29677
18530	10619
7402	16275
19738	29251
1800	303
26082	6139
19710	19203
25208	4867
4854	3685
24014	25857
23650	17107
16084	7289
12744	3335
5020	3551
13492	10407
9912	15883
19716	19831
3426	1243
18728	18733
26798	29921
21768	4253
17252	10123
27944	20379
24570	12219
25860	17731
24186	11611
24680	8393
26528	17751
19244	29665
21194	28095
18852	21777
9398	9325
29220	28141
22	31
20742	27519
5576	4253
20084	29251
13588	13755
21450	29309
8258	1495
3930	795
7010	3257
29550	29839
21470	20603
6218	1965
3466	1585
14756	8119
18948	2999
5688	787
564	1207
28410	20799
14610	19203
18734	4201
20952	19199
2034	849
17108	14885
21020	26967
27550	8931
5386	7499
6196	4909
14850	12469
20188	12971
14278	21675
26186	9033
19608	19083
23652	16795
19942	29719
24508	10013
29114	19959
22524	17927
1792	2077
18014	2959
22532	22519
18280	5819
4286	787
20222	20315
9166	11337
22650	25117
11932	17293
4804	21397
186	121
406	241
13260	12431
1942	9283
8294	9963
25080	14781
25828	29309
19178	12501
4946	9815
10030	4201
21670	19817
14826	5845
12708	3693
18538	29865
9092	15299
14310	16275
23000	20863
24576	29309
19226	20143
3662	6777
23720	10587
28108	29309
13154	13605
17392	5969
19054	25437
16702	15959
2988	1199
24794	29671
5308	9063
970	3661
4456	2463
5722	10853
18634	9915
21296	23853
17306	13601
486	987
18084	10287
12170	4959
23050	13479
892	1059
17916	9737
4782	4875
10282	6881
1822	735
27078	20053
7164	5501
19496	29045
25340	22583
7410	3755
16644	7735
15822	18237
3414	2253
7262	1425
28416	1895
16116	20687
3722	8737
20326	16315
14440	5179
18688	11321
28934	24887
21966	29271
9004	4253
1242	849
5592	18105
25248	6055
5626	18237
20054	29271
4778	11875
4990	7415
17650	29661
21852	15921
8360	11227
21874	24835
11488	13593
1818	3033
19634	29251
25060	4201
28100	16005
20790	16043
10116	1113
19494	8311
1280	4169
17936	23705
248	93
10804	9933
4454	8015
3602	2473
29948	29271
6596	12849
29666	29067
29706	18995
4744	7415
1246	1451
10796	4867
16392	16475
4888	29843
24616	29633
18580	14001
27556	29439
510	61
17444	3755
17672	21239
16282	29405
28760	12103
6704	7415
28270	13785
19708	1495
6168	2329
13714	9761
1720	481
26880	29271
24168	18233
4230	4087
18446	24719
9896	8573
1252	1749
28672	17319
29894	20379
10628	7007
26068	29837
23742	7155
26530	29271
25454	5965
6254	5749
8904	6409
15484	13137
2684	1679
23024	28969
10838	1635
10172	15095
22750	11443
18936	4583
22980	4085
13384	29439
15626	7795
19520	7481
10420	585
26474	25857
23876	19003
3804	97
29984	7397
20514	15303
132	125
214	255
3636	1657
19026	29309
8270	17593
468	303
1016	689
20426	10475
22562	24285
9356	8311
5546	1729
22598	16475
19620	26967
7818	11535
28972	20125
25708	5279
8872	2683
14654	3755
15950	5341
16810	4117
11260	8511
4546	4767
4336	3727
12406	10163
20770	12597
20964	29247
14636	14617
21288	29925
23308	11611
16980	24571
14984	8951
25682	21487
4036	12873
14522	7133
26926	12763
16090	7499
28126	29309
3094	1087
16772	7809
1448	1247
8058	2633
19378	19359
28480	15959
11724	13085
3304	12871
17632	29655
5032	3527
508	377
910	473
2462	2419
6804	4369
15590	20501
17416	7855
4200	4897
6954	27583
11752	3755
26950	18733
21504	24035
29298	4347
5186	5703
4318	415
25492	17731
11916	19203
29844	11511
27624	29309
27886	20489
27200	17927
10530	1729
15156	20329
11094	19003
23798	28795
16726	4253
16022	1425
18110	19831
22450	29251
8744	6391
8138	2859
25030	14841
22080	3755
20882	11889
27320	18567
5282	5393
5266	2125
13268	2011
3626	6753
16112	16275
24994	24681
11064	19959
4086	2397
11412	3551
3196	7039
26764	29251
20114	20267
29438	29043
21458	1711
15800	20565
15194	25131
29242	26927
10184	6841
2266	1773
808	2091
23266	23955
3608	29533
3872	1547
20248	17397
14026	9839
11686	9059
29140	15671
27134	10553
23182	3549
12602	7949
12030	9203
25388	29271
15816	17125
18468	20917
23808	8003
26360	28095
13842	5737
29070	5615
14446	19517
6768	3801
13894	1209
19586	17699
14732	29043
8598	5195
18170	27111
20594	18129
12968	6705
25254	4039
13594	5341
27984	1925
2412	473
9466	2791
20608	10587
7518	9523
12210	20671
10860	9945
19602	20155
23932	2597
8226	9937
3156	10553
9858	10969
21596	29271
26296	18901
26266	1729
496	1101
10366	11337
29410	18911
5412	3247
12224	10355
4580	4773
4030	3167
14722	12825
22138	20745
7006	14885
17394	13899
2574	5853
802	271
8554	20147
17284	13587
12952	8311
20552	22181
4656	4823
29966	5503
23456	19761
7996	4905
11072	20053
17168	6759
28462	29451
10832	1729
2532	2451
26104	29841
3660	4791
26914	29251
8206	7499
1786	515
23978	1749
14022	18747
29988	25431
27038	21807
27618	29101
10352	2751
17026	3755
18012	15807
27050	2597
26554	9047
14148	19203
19518	12837
28628	15165
11714	28061
6438	3121
29960	29963
4044	3177
26920	19785
28608	18123
9902	14885
1854	2091
7444	5615
24458	29271
9864	5331
29538	15331
17212	10035
2322	795
4326	4639
22958	23853
25892	29823
12418	9359
2680	6103
12074	15959
3172	2091
19532	10555
7942	17081
8910	20355
12992	4363
18576	29885
5056	2241
14484	10189
20776	5317
174	197
13234	13647
6996	1425
4444	1313
7868	19659
15622	20509
22994	27215
7992	2959
2718	2555
27262	16275
706	589
22926	7363
27310	20379
3352	1729
8338	5501
12122	25175
20732	15055
17170	29485
16450	19199
11026	3755
17280	21029
25964	11571
24796	21245
1686	189
16812	7911
26656	11321
8914	5535
14072	9853
10862	21709
8878	2683
28562	21723
23436	11925
29320	26869
9784	19471
29802	1495
28466	10705
28936	21035
19172	14405
29426	29785
7536	2597
23280	8617
4364	6603
10994	11353
5640	4695
5944	9595
13770	9777
4910	11687
11878	13181
16332	20769
16044	20657
16034	4253
29730	11321
8766	8935
26316	19093
13816	9787
15892	10813
9812	20955
26274	24871
5026	5021
27768	29179
14292	9941
26458	17831
1092	5749
166	337
4018	1029
20140	7187
18496	10789
24872	28769
506	331
18704	29949
6846	6445
25142	21337
1908	1413
21262	11889
10944	21759
13242	21147
8632	4447
26574	29103
21000	18035
17584	6173
22256	2859
28744	7749
13326	24073
4128	3207
6604	8583
2838	3095
5912	4163
29266	10403
28958	21045
7058	13253
19404	18651
2028	689
16428	21835
24694	21211
9562	6655
9496	14221
18960	12995
2518	1337
18464	9861
25722	9813
7288	3813
22224	10865
12590	19003
3060	3365
16040	29309
7740	13695
14130	1785
12108	16275
5744	15865
26190	5591
17388	12761
19168	29665
29558	22599
27592	8931
5628	3303
24590	29271
1362	2899
3354	1729
21248	13549
5632	3305
14434	1495
16526	8393
27126	16307
2616	2491
14246	10909
10354	9727
8048	10013
10018	9553
22842	29271
1394	205
18284	17649
21988	29365
1160	2871
27084	27717
26140	16617
6310	4959
1368	4853
9012	9077
26726	29251
2940	2103
26976	21717
164	249
22376	20785
18276	29251
8036	13917
28710	27179
9330	18413
13838	19199
21230	13737
5582	6583
4158	20415
14832	15209
13900	8311
7724	12175
4324	4349
13040	8231
15986	13283
25406	29757
13038	5991
2008	909
806	481
23510	17511
19276	26743
2664	3991
9656	6693
29690	7481
17592	1435
7176	19067
17134	14927
13060	7735
12184	7483
3046	3033
9768	9339
10500	4169
25360	26511
5176	1171
29566	29579
28580	24779
1442	879
4080	2683
9878	5503
15964	15209
1278	973
18228	29771
9546	17189
15668	19199
13520	3725
19040	14105
17522	27209
21700	10633
28652	20379
9022	7887
22572	29309
17482	7167
12070	7713
24446	20379
25968	22405
894	481
26178	17143
24148	11493
23960	3969
23912	10853
19742	29309
25592	23221
14730	21407
12524	12581
11292	14307
20300	29149
5748	4163
28414	21781
1758	1773
14776	10553
918	1605
29008	13437
6942	6501
21562	29313
29944	6631
17452	8777
23900	11085
7616	3551
24346	12151
24942	15587
11732	1047
12050	19203
15844	8105
29164	22599
19086	21795
14280	29917
29432	23659
21578	28095
5844	1657
11512	8703
1514	175
7308	1405
14848	7449
11730	2751
7944	4367
29796	29579
29848	21729
4362	4671
3798	425
21130	28095
21862	15587
8562	22831
13216	7683
8820	5347
3516	1751
18742	28909
6776	9015
3640	1377
14090	7499
8776	7919
21856	10347
14140	19555
22834	29251
1232	897
10198	21231
936	3095
8506	3829
27272	29089
2558	3329
10892	15857
22916	17971
27374	21813
9424	2445
18532	21589
6816	7671
28940	29575
13246	11889
4262	4601
7426	4735
21546	15209
2306	1657
9128	2859
29532	5137
220	115
16330	6633
12892	6759
20194	8171
12246	19959
27364	18029
7470	13533
9682	13479
10848	7671
26014	15709
27208	19473
7960	2063
3268	3755
2974	4369
11090	21835
27614	29271
22604	19813
6064	2627
8686	20215
11312	25053
23858	12763
12452	18237
12798	26615
17360	14885
25174	29251
4350	469
20652	3937
8120	5607
15802	5421
5878	469
12410	7743
1634	6103
19222	19959
13288	8485
1890	1749
20596	3881
27918	11889
25256	849
14974	10603
20118	11485
17104	18953
27956	10993
25346	23167
18292	13921
16560	11757
21592	5879
15696	22831
11718	7007
14720	7483
12766	13507
11426	7661
17354	13577
416	47
3214	4169
27232	8061
1282	217
17120	2597
11358	1729
10870	5811
26988	3693
13030	12733
8510	12827
4206	3737
18520	9871
22586	14447
8420	5293
3384	1257
17102	18237
15046	20261
24210	7377
18434	15807
25090	29783
16366	11757
19194	10347
15956	15715
15150	25597
19680	23007
27922	29339
12096	7139
10872	19859
1530	2091
28550	11865
28258	20715
17136	18843
21594	29665
17300	3085
24342	709
28098	16181
6242	469
11944	10989
20276	9009
6956	1101
24698	21209
5018	2123
11740	9071
4412	1769
28006	5177
1086	883
1074	12573
23654	17927
28840	16515
10624	21337
17968	7151
26778	10921
22772	7311
29036	29607
5200	4481
16968	12601
10204	4845
25370	12633
16590	19959
17382	10583
15898	2959
20082	26647
22874	26703
28060	14859
3506	795
476	333
994	3661
28082	29665
25932	29309
12424	13369
19030	14097
12932	11771
4256	20545
3394	4555
19368	11201
18770	18835
29028	26571
22458	3551
7358	4155
8740	20273
13876	3745
17276	1729
14746	7359
23628	15209
22522	17699
13392	1733
28994	10867
7610	9559
23726	11795
17054	17969
11084	15587
10332	9725
23124	29495
5258	4505
22646	29665
26108	26703
16710	16307
15458	1277
18362	8207
10396	19959
18478	26225
25750	29251
4572	7713
5182	4471
12644	13457
23310	19761
3826	3813
16318	13363
17428	11227
19982	28365
28464	29271
17826	16031
11422	20253
16620	18631
25620	20917
18322	18343
14470	14255
1834	4169
18182	7273
26066	19241
10706	14307
23678	19463
29196	287
22140	13787
28186	8573
18614	1853
7860	8737
8310	1231
5982	4635
21242	29251
15770	26205
13018	1257
22686	27185
25528	24293
29926	21763
25972	26785
12654	11875
17402	22747
23438	14565
7468	4611
1602	645
19370	21867
22910	15055
21688	22185
28288	18911
18262	7919
5114	19199
2792	12933
18782	21695
27682	7839
4526	4757
2522	985
4584	1749
4518	4065
17012	12413
5314	273
18666	2333
19688	29309
15914	29049
11894	10431
9268	1137
20718	20453
3702	4369
27958	16941
3944	2571
4998	2931
23516	22181
9008	8627
7352	13453
10654	18747
2156	1451
6634	3551
16380	18077
24670	13561
310	83
20234	12993
6592	4429
1732	6023
22272	20837
17310	6399
19236	3085
24652	27179
20348	12597
5768	6725
27348	29965
25572	21457
27390	2959
25538	1159
10012	19203
19798	10619
1250	1603
13426	3593
17948	10261
15996	18645
28178	23977
26648	12543
19164	29095
2176	1371
20144	3085
1052	97
622	1793
86	69
236	223
4794	3435
10186	4835
15186	13017
20026	21535
17938	21687
11228	8927
4092	2109
23276	25175
25214	29665
20752	29309
5596	3085
25202	20917
11036	10013
7236	6643
24934	18343
12738	10509
27306	28365
11120	12795
27196	28811
21324	29271
16324	5373
14264	25307
13102	9549
16028	29331
1496	3431
5710	14927
6326	29891
14930	5945
18856	14065
3748	2517
12668	16847
26424	15833
20478	29887
10468	7915
15918	6163
10658	19859
22736	11889
19426	4591
6214	2683
29042	7273
10220	795
6530	4391
17182	5385
8266	18343
22412	14587
52	95
4314	13549
23984	29665
24480	29613
7428	6721
23004	745
29726	11321
17188	7743
16730	29251
22046	29309
4302	1115
2446	5749
9364	29665
22876	15055
8202	4163
26202	21563
24894	21277
14428	4253
9460	25659
26724	1419
6940	5485
9318	1101
13672	6927
15408	5277
24266	21067
12140	4635
1386	2091
10758	7049
14590	29251
24996	16151
22190	16031
28208	1775
2414	2333
9362	17293
17464	20379
27248	21767
17304	1785
17474	14701
10604	1967
1104	1447
20432	15209
9690	12423
23750	8717
8922	9039
27000	1243
27730	3241
18224	9801
26658	15445
1324	1499
18780	28095
16418	13401
11664	3889
7908	795
16906	29251
28318	27179
9202	2771
7196	3517
11310	3313
16908	29099
17904	18181
29680	27937
29918	22509
23674	15245
866	1331
938	4597
12462	9379
27164	28795
14762	5649
6772	4503
16166	23913
29208	27819
11304	4583
14450	16475
176	265
29328	12423
6026	14789
1990	955
19036	7363
17254	6933
6874	9103
26264	21575
10974	7139
6540	11495
21550	10853
3212	269
10932	4253
5158	5329
4868	5279
25786	24625
22192	29271
17314	19737
13308	7359
3280	12359
12924	2995
7510	8931
8142	7833
27204	27937
25652	17835
18772	7335
6142	1657
12546	10347
22466	2899
24940	10261
29228	7187
16182	2189
16046	24151
20568	4591
8176	1631
13232	9603
11868	4143
7496	2041
5664	6645
6174	4169
19952	29251
188	195
22060	29251
16092	15715
11784	2221
28352	6101
3968	645
9488	19203
22554	17835
6566	3763
17900	857
19746	29665
19316	20065
25096	21323
7748	4839
14562	15587
2852	1331
6444	4369
26788	29251
3584	19203
13044	5201
6388	2601
8328	12155
5322	3121
788	4063
6868	4547
29954	19997
15942	29271
8680	18631
1480	847
20876	23395
7070	10979
6698	4479
2738	2897
28722	21723
18238	19199
8366	7117
15836	10771
5354	5669
28486	29669
27772	20917
10508	2683
460	1201
7178	5533
27962	29251
6432	1243
18612	1451
9958	1451
8792	7415
27770	1501
5126	4565
4862	4933
9416	6597
1418	1575
12364	9345
13188	13577
1870	973
12062	20593
14330	7273
11674	12197
26844	21681
28512	16031
130	181
20042	18767
22938	8801
1010	511
1494	8737
23918	18301
16838	3645
28582	4591
9582	6725
23324	29439
27152	17699
12724	13489
5370	4561
2652	6949
6046	9685
4282	3267
25928	29309
18388	5533
754	13563
25558	10543
18958	7289
23820	19199
21380	5987
26984	29953
24610	14555
7304	2801
13330	8411
25138	29719
20896	15779
12826	11611
11194	4369
27722	7415
23346	29309
854	153
22964	29309
26698	13019
4784	7425
16262	3179
23558	17751
1000	205
4248	7273
5312	20397
12514	6673
3210	205
6112	4369
2010	1067
7064	8571
4598	1607
6456	3509
11962	16647
19826	14951
15910	8061
29486	29309
29336	24951
1884	1501
26282	29263
1996	899
7522	4253
22328	28365
18786	1283
25688	18301
10648	2933
19540	8895
19440	11765
26586	6611
15138	18121
8582	6041
16144	13307
8696	20245
13918	22599
25364	22747
5822	4075
6354	6099
13316	9637
23536	29887
19926	199
4220	4357
29044	4031
25634	16899
15544	20473
15636	16275
16684	16897
4178	6483
21524	4087
19246	17927
15016	12915
12266	3289
24832	19359
25352	29741
8518	20125
26434	29309
12980	8061
10426	6931
21180	29251
2384	1551
11338	12879
15080	7137
14700	20103
6414	5001
4958	1729
28674	11599
8870	12599
4808	13577
7918	6623
16164	18047
9676	3593
16280	5263
11756	21835
24450	19003
16352	28227
6108	6131
14060	3577
6758	2683
25028	5851
23074	909
8628	8929
24104	23423
26998	14617
21826	29309
7384	6705
15774	20555
20200	20711
21498	20615
2548	1433
2788	795
18472	29271
21908	3969
23056	27531
14426	1643
7480	14565
11322	6611
3022	2077
7404	11179
20268	5357
9890	15587
26052	29251
11112	1269
10224	3095
10292	2483
29132	5167
15236	13031
7364	17907
2068	4169
21770	22101
23342	4065
648	495
11778	9107
14564	29003
19552	19959
23922	19199
12136	9269
5876	19003
1934	4169
21888	2897
11362	4039
27202	10709
11816	18163
26096	29719
19786	16503
15722	28769
12662	19359
12764	6723
16048	9289
356	489
15426	9095
3108	3931
6446	12175
3050	9537
23204	20919
4592	3603
25002	10407
13880	19199
7622	6101
20164	24279
14210	2633
10154	4845
2774	889
18366	21531
5156	2391
26662	10713
19162	10867
28530	29309
4796	3813
6016	27209
14738	20123
27388	14017
17112	15959
7922	16475
29820	5819
6840	6443
488	269
15494	7661
4914	9873
10298	2699
6038	3405
15880	20601
6818	4513
2242	1927
6944	6503
24518	29271
18528	23007
9918	17221
16760	16477
29422	24797
15270	13593
16010	7865
24778	10641
144	559
6976	3351
9826	10937
27436	26703
16648	11255
1886	567
13376	6833
16962	10261
15976	28095
1654	859
942	787
28256	27577
15638	19371
17508	21165
25468	21411
5148	6361
8026	795
8490	3139
29126	10271
8514	3145
13956	8381
17856	16275
26138	28795
19348	20071
25600	10705
6922	9983
5600	9641
17910	21333
16186	10853
17530	29629
19732	20821
7368	18237
26898	19831
7534	19959
3150	1353
27044	21749
5414	4581
26170	12501
3622	1929
27268	17143
5404	22831
4164	9091
1342	399
21480	29289
14370	18953
15840	1169
27860	6085
9860	17101
10192	10779
23972	8183
24220	21567
5724	1657
23716	21567
21434	7273
1098	5355
28492	10705
29248	21567
18142	16249
21590	5879
29058	1527
6676	4195
4568	1657
21270	745
1844	8213
29240	26621
24914	8311
20232	8703
20302	9653
14962	7735
24110	16851
22210	22519
21616	14405
15572	14017
17840	18619
18234	11889
6558	4163
27444	14453
11856	13157
24634	20379
10842	7113
20932	29665
25960	29271
5490	9213
2168	9075
13608	13759
16672	13469
11106	29025
3650	12763
21012	19639
2002	2651
5958	7949
6888	7415
19564	29251
3824	19199
10460	3755
818	913
9728	20873
16276	2211
19274	21403
9712	7095
10698	3085
18488	8443
21290	23395
2442	1895
11376	5851
6154	21399
29172	29681
18076	29753
19832	22901
3754	1425
5934	16275
13300	25437
3324	899
26824	19703
17192	16881
19690	11917
2184	585
24396	29271
24866	15279
1824	2877
27564	28145
28242	27139
17686	6173
13968	7995
17732	1029
7686	6817
7678	1729
29352	7273
22626	1775
15490	6035
29534	633
23620	10469
5206	1787
22828	16309
26636	16461
27596	29439
16612	9391
6980	787
16748	5717
14088	14679
27644	29309
29324	19003
13544	5175
27334	21787
10408	1551
6610	8919
7044	3271
15702	9047
5180	1645
6002	4253
22076	21675
2286	2603
15018	13019
4878	1969
20098	20255
540	2427
17240	2597
8326	1451
28794	21537
28044	29271
17704	16613
15422	24289
15410	11947
17524	11583
16582	16275
16930	19761
24356	7273
5426	2683
17770	4349
16254	13347
3416	1329
23226	16489
15604	20507
7846	1479
2140	1877
18358	13941
15698	28573
21302	1495
12226	1775
25522	21437
6570	4253
5094	4413
27346	21793
26080	13949
29782	13797
16762	15715
12868	20965
23112	29251
6424	1243
29166	28715
16292	10261
14296	5347
25838	7273
3282	4411
29552	23225
4742	10313
24136	25315
4202	6399
9334	4253
11654	12285
18672	11321
21982	15587
27968	10541
26652	12543
18644	3551
8842	6403
21886	19959
24772	29309
19448	10641
26520	19959
23028	20379
13020	2867
29692	11321
884	2311
25694	17505
21266	29665
24630	27293
920	5355
22542	15279
12850	4755
25944	7865
7830	1787
23500	8215
26106	5535
3478	9267
22364	29271
10252	5561
10114	6139
27652	27215
29154	7743
4574	469
5756	2187
29180	15959
15528	20469
5070	4397
22292	15209
382	5
22470	29271
11424	2959
27754	28031
14224	2959
19682	29887
1314	803
27122	12159
18132	15209
27154	21443
5714	1495
17158	15883
7486	2359
25548	475
12326	2751
28544	10867
8434	8823
11282	15209
11186	8873
11364	20201
3964	16275
6330	9913
12840	24845
12376	16031
3854	1217
19082	27531
24656	28095
25136	15807
12900	1785
13630	19199
12634	16275
27764	29177
25044	29309
3328	4459
2554	3355
12438	13383
19080	7483
20212	21529
10938	1243
17886	7157
1258	781
15398	9339
29434	29309
4870	1495
25318	19203
14570	19477
22574	28971
1852	1171
17960	21347
7760	18947
20724	29309
19418	26225
13028	7911
14842	27847
1756	819
700	343
15298	20375
26562	28365
4612	6781
29754	18239
736	385
24178	7151
26762	15587
6104	3095
20924	11715
14448	16475
23364	19203
21100	29251
29832	14721
12558	25493
16232	5179
19812	19967
18584	7175
5604	5539
28138	29323
6374	4987
13688	10429
10504	9795
23776	27819
15268	6421
17996	13803
20412	12599
1018	891
5250	9013
1032	1247
19534	26615
5956	4821
5074	7345
8354	3813
4382	20757
24768	4059
22406	29309
23440	19761
10348	6099
24550	15587
16494	3057
5906	7911
15382	5351
14644	13759
25862	19289
24288	21089
14656	29439
3962	3981
3080	15865
13530	13737
5178	4469
28528	6689
1200	689
11830	2221
250	761
29970	29969
1078	7069
16724	2683
3186	7017
11206	2211
2300	4163
28430	13787
19148	3351
6536	8847
11248	6085
26668	11321
5996	3395
13654	9745
5738	3639
13984	9833
23574	17767
13988	1377
1210	3807
1486	1147
11992	7833
12300	15959
11332	22747
12098	12965
19780	8393
18906	14457
27280	25395
2832	6173
14422	6099
9836	11777
29858	11007
23780	28095
29652	11255
5644	4697
5762	9451
7994	4253
18298	7415
13132	18113
25130	12373
5588	6591
18188	21461
2466	3241
11390	11215
19988	15209
29478	7627
10614	14927
6918	9143
28304	19959
10240	1729
29294	29735
20746	29219
20074	29117
24514	29623
8186	7057
15196	12599
14228	3813
11498	7187
12516	18343
27498	9033
26828	29309
13090	10705
2220	1539
20584	14017
21348	2333
17884	10261
17898	8737
28262	18995
23412	25053
7238	7285
25298	22533
21766	7397
26362	21599
3882	5611
4562	469
22550	29665
12996	1495
2794	11227
26854	21689
24502	21163
12086	16847
5328	4539
9968	7251
12648	9425
18546	29873
18556	26245
4244	1729
14260	4357
15148	12599
28312	6615
4402	20805
18106	20147
23604	7155
28220	29309
24722	28365
5838	1137
1858	473
22768	29251
24154	18105
21306	6137
22712	29309
13008	1775
22680	11633
14294	14051
1828	1369
18568	9883
26908	28095
28286	22405
228	73
12144	3931
27600	19583
1500	303
13200	21113
24886	9671
19250	17927
6690	5297
28546	17125
25274	951
19570	29251
17712	2859
19758	11799
12348	13343
13916	7273
10086	6799
3092	4831
23692	1113
2748	5503
22072	28795
27812	29309
15506	10431
8508	8865
21830	5159
5984	11003
28244	20379
23486	29309
14976	28095
16854	17293
28252	19951
11604	8703
20438	469
19944	20821
27318	24275
4768	6893
6426	3665
14998	8957
5692	4155
5872	3505
15154	13001
7038	4065
16138	18237
5198	7949
23602	11741
4756	6883
2770	14137
27236	29271
16500	2445
15994	10663
9828	25131
8052	3745
3614	7949
9708	15959
5272	6399
10756	7943
18512	10981
11086	15865
2672	1451
26420	3755
26500	11343
6658	8219
12018	14381
14728	8861
24978	21285
16646	8207
10278	6875
18398	26845
13198	13579
11504	12967
7646	15263
12710	13485
9618	2161
26952	15583
28146	24151
3018	3921
1296	463
26800	28095
266	107
18378	3693
10090	7833
19714	20043
13148	13597
13210	9593
11700	10705
12816	10865
27464	16435
19092	21799
13468	9661
29480	8207
1352	469
15766	29251
26564	15209
9250	1525
15488	7273
6130	835
9310	5107
16200	2211
15748	18617
27118	3931
11810	2683
29276	21337
15014	29113
5496	5069
23306	19761
18670	11321
16354	7931
20360	20363
2380	1665
14742	22181
22124	29271
14960	15587
29584	29665
16152	25233
536	469
27680	10979
18108	21407
5384	1729
5396	4845
14412	5003
15960	13275
20772	29309
2484	1093
23332	25627
19154	7499
23700	15727
23152	20891
12856	11597
6808	1733
13112	15303
12824	11611
2054	3661
124	153
3630	2029
20600	13111
14396	7833
15896	4163
7974	1425
2676	2091
22998	15055
2750	2371
10540	6977
14174	21609
19470	20105
18236	13893
14824	20159
14750	12839
15756	29251
16796	9463
8936	2575
6926	6491
11188	20119
29268	7151
20368	8171
24594	29089
1904	2585
6050	3411
10996	5201
18618	11757
17338	10909
9418	8927
27494	11911
11976	13219
18452	29309
7840	3415
17842	9695
22096	19951
22698	18767
7834	4867
20786	6493
4478	1925
23338	14253
4936	5069
20544	23395
5104	2333
16464	29447
18030	19199
26452	29665
15870	18953
22024	7661
26460	11757
7714	7833
25100	16443
3486	13293
3250	3517
3806	2531
13054	15959
16320	15865
12740	11493
13732	7273
3030	535
25164	18875
24122	10347
19498	7175
18032	16515
20502	10315
4184	19925
15304	9061
28088	21403
13646	13785
19110	7359
18582	4065
11502	7911
12024	3131
4380	5749
22228	19089
2318	1377
16984	21537
20492	26913
22734	27185
27744	4591
20968	20379
17846	7273
24172	13861
7276	3095
24426	11337
4762	3059
10214	1029
29074	25159
6042	4859
20498	29665
10662	7643
7378	11777
2020	15047
8718	2959
1372	933
20338	20351
6332	7053
2382	2091
7052	899
12324	13335
18696	6935
24520	5301
21580	17789
2314	293
9792	8443
26392	2683
21132	28095
9718	17453
4106	5535
15754	28095
20446	19237
10612	3825
29138	19831
23398	29309
24540	15279
21456	15587
15730	7661
2282	1657
8148	6173
26936	2597
19922	29251
4310	6545
26220	27955
13304	8693
10000	9541
4116	1883
1950	5749
9482	23073
324	277
23954	18237
22860	14781
20378	20365
23116	29271
19196	29009
23208	13525
1680	3115
2922	19089
23834	10493
24822	29251
8722	4065
4316	1827
22810	19359
5298	7833
29468	22821
2238	2877
1806	2121
10128	7415
6124	13817
15742	11777
21264	11889
12362	7483
4494	1377
19980	20217
20954	15865
27850	29209
22268	13367
22384	20793
18608	1093
3678	2501
26450	19447
20612	29197
19872	20821
12090	18237
834	1725
7720	2929
7746	13701
20926	13199
8416	18181
10972	4753
22746	18949
17174	10709
13856	19517
26904	11003
844	2325
15868	19003
26540	29309
23990	16881
25796	11761
11236	17925
4254	11495
10194	12279
2244	1203
8018	3479
9306	14759
2714	1173
1986	5749
28448	20821
9100	6499
13990	18911
28804	18903
13698	14927
5500	10383
24160	29271
23302	19761
13014	15047
16006	12431
748	3813
20304	11925
11524	8703
5636	29415
17784	13513
22888	27071
20490	14319
5880	16881
25462	17157
25122	2695
26016	5387
28170	10989
23400	29251
5814	1657
24256	12501
26094	28795
29188	29685
21192	29309
6520	8815
16586	5533
14542	10023
22296	9369
16808	13509
23514	11067
14272	4065
25048	21309
10830	7081
21576	24649
14846	21113
20616	5473
17260	16637
11596	3085
22528	11501
7456	7369
10094	13639
18764	19737
9750	20531
18660	10619
24486	29619
16348	22831
27064	3813
1192	645
9652	6691
14844	7743
19734	1115
22754	10261
29212	8601
20576	29887
3784	2627
2150	2091
8078	1451
25196	19199
8418	18237
2280	1443
3776	1959
8192	7063
10714	29869
18368	2221
17736	5317
3344	4263
7182	4667
10414	4065
10568	4331
13580	20837
1346	849
19280	19463
21378	19003
27540	15587
29536	17871
6212	21835
9986	1853
17512	3755
3260	1147
2290	3637
20792	9151
19572	22277
15074	4093
27076	2357
14488	3593
14126	19199
22174	17143
21128	28095
15830	13239
9668	19199
23250	19761
5428	3249
12314	20721
18796	25053
17094	7311
27774	24279
7014	1775
25518	15055
4570	1657
6746	3655
7430	5357
13946	6995
350	2091
18774	12643
14718	2751
9002	8627
11662	5535
15682	20531
25898	14679
12082	19859
5602	4673
3484	4645
294	175
28538	16249
23806	2597
6300	1277
23072	8073
14840	16899
16544	20827
27816	24191
9540	3317
14740	22835
10432	6937
16338	14017
4834	3293
15170	5107
7730	3397
1578	2783
1240	1345
12492	9395
15978	9271
8044	6993
26640	28227
7442	6733
9412	18609
25788	1101
20894	7377
4722	19089
9056	7735
18010	4221
28764	17319
29052	18741
29546	3813
23986	24637
12598	16583
8324	18343
15936	15209
6498	6153
2456	3235
17500	29309
28854	7805
11754	7449
11690	29171
16934	13545
5508	13255
18570	9885
10320	1209
29806	23659
498	1211
9588	20819
28520	22821
22038	22553
18616	15477
12528	13417
4506	1371
17696	12445
8652	1729
8358	14255
6714	7833
16128	19203
29698	6703
25998	8931
9604	1451
15078	3085
5580	3685
13948	16489
2310	15865
15634	27767
18042	19241
4860	11597
23996	2347
16564	18239
25832	13937
13506	24609
18432	13965
326	307
9028	6473
22508	14555
5350	4031
56	307
14350	19255
6998	4605
26802	29309
8798	6397
15282	9051
19374	20075
14526	10007
6544	12817
10174	4221
2302	3661
22576	29271
2080	205
5654	10259
13632	17655
22538	20379
1110	653
27300	7157
6162	4897
9698	4719
11200	29271
14612	7649
13128	2011
21050	26341
7490	27931
12478	22747
13092	18037
8442	18129
22972	14017
19012	8803
6	3
6832	13053
27192	26119
19614	29251
12398	10273
19402	10927
9038	29199
820	699
13662	16891
28776	24151
13960	4169
20740	20457
13706	14885
11398	12913
6458	11557
852	469
19406	13087
4590	3367
12884	19045
22580	15209
28212	10705
11644	3785
7338	7949
9358	9309
6464	29983
8232	4253
5910	4257
12520	8311
15842	10793
23962	10347
8614	14221
15032	20251
4020	12859
27760	27179
12566	18181
20622	6347
7618	6937
10876	12175
6694	4331
25672	8061
17958	14289
15088	20285
17206	11321
10156	1729
436	239
5064	2933
18146	11601
4366	6609
6086	12143
13248	10303
20064	7273
29018	27597
21836	12501
19894	29309
23832	14017
3112	645
15260	3755
20920	20379
4582	5561
4874	973
4882	16647
28864	11067
17076	7735
6282	3967
7390	13471
13446	5373
28868	2597
24646	27019
2088	1451
19768	28365
8390	21337
25752	29799
11828	7795
5092	8867
22624	16905
5452	5325
11678	9053
23670	27819
21548	15209
18804	11847
424	983
27578	16625
14494	8015
18158	24711
26242	16865
29402	20917
17220	10347
1112	889
26120	29393
25526	835
23032	29309
29510	20379
23782	12995
15000	7273
29436	16625
23452	14587
21650	28095
8790	12599
696	1749
448	407
12704	10705
2678	9805
4476	3331
21644	20645
11346	20189
14626	12787
712	869
14624	29023
16530	18047
18426	2959
28148	29665
25714	28095
25852	1169
28962	28535
5638	19203
9344	6573
450	775
21252	29887
10256	1749
2916	2871
5054	12781
16360	20779
20358	4591
15306	2125
5826	1319
24636	29639
19762	17927
22428	10541
17224	2357
1020	1373
5970	14465
25008	29689
11456	12937
652	189
13826	10543
17006	27931
21694	11653
12270	19517
12624	12161
24700	21213
13284	13671
15284	20369
19330	16941
384	93
9992	5947
22100	26967
12938	5879
16386	13387
27902	16605
986	2077
28964	14767
20466	13065
20122	5551
23498	14061
906	5749
2848	4369
8092	7537
9960	10853
25156	29251
19530	16475
22836	15637
29770	3437
9818	7151
1774	2091
24106	14453
26306	12429
13576	9719
17316	12577
758	905
24546	17107
2182	2091
16798	13501
8112	9849
26628	11551
5566	19003
13660	6611
24544	21179
10436	9765
17250	6085
312	211
23174	9477
29702	28235
11000	2751
28982	29309
5732	4369
19492	29887
20856	22729
15188	8311
7542	14571
21984	24293
3676	3389
23078	11497
26270	29857
21586	14405
7728	6837
1044	585
13808	21439
848	401
6262	4945
23012	9435
28826	12079
8330	9975
2366	1657
20688	29665
5300	1269
14828	745
20852	11099
10970	7583
27252	2445
24860	14155
5674	7911
11232	7911
29282	6173
14642	19203
10646	4065
28254	29309
23466	5201
18296	7167
20048	11215
6600	3165
8264	16643
28800	16275
22222	29413
19930	29309
12054	13249
288	543
19504	12829
29342	3577
29996	8443
22796	29309
14752	8883
24736	29251
25676	29665
23322	19761
25976	15209
21304	1495
2890	1335
22334	18617
12450	1425
16076	19003
3034	2311
21776	29271
8242	3095
9332	2741
4452	5629
18514	9869
29668	29895
19010	12725
15252	9033
4622	6789
17944	18747
24556	17711
17540	29251
25284	19703
28236	10543
13362	26509
23730	15209
20966	20535
5812	2211
11672	3639
